-359.89298 2762.73795 -564.68302
-359.93390 2762.85635 -564.68302
-359.93390 2762.85635 -564.68302
-359.87001 2762.87843 -564.60932
-359.87001 2762.87843 -564.60932
-359.91092 2762.99683 -564.60932
-359.91092 2762.99683 -564.60932
-359.84704 2763.01890 -564.53563
-359.84704 2763.01890 -564.53563
-359.88795 2763.13730 -564.53563
-359.88795 2763.13730 -564.53563
-359.88795 2763.13730 -564.53563
-359.75886 2763.18191 -564.66090
-359.75886 2763.18191 -564.66090
-359.75886 2763.18191 -564.66090
-359.69497 2763.20399 -564.58720
-359.91224 2762.99637 -564.33666
-360.67015 2762.46939 -563.38608
-362.28945 2761.51221 -561.83126
-364.34329 2760.13979 -559.77538
-364.34329 2760.13979 -559.77538
-366.31027 2758.92992 -557.57209
-370.04862 2756.57779 -553.76243
-371.68587 2755.87948 -552.13393
-371.68587 2755.87948 -552.13393
-373.66313 2755.32876 -550.25489
-375.93948 2754.80721 -548.12531
-381.00856 2753.58569 -543.36508
-381.00856 2753.58569 -543.36508
-386.44172 2750.91298 -538.12590
-386.44172 2750.91298 -538.12590
-391.73683 2747.62528 -532.41510
-394.41951 2745.77049 -529.53392
-397.12517 2743.77523 -526.72644
-397.12517 2743.77523 -526.72644
-402.29756 2740.13234 -521.01565
-402.29756 2740.13234 -521.01565
-404.82687 2738.46309 -518.45871
-407.05840 2736.76421 -515.87965
-409.69383 2735.19083 -513.12375
-414.41377 2731.70430 -507.98775
-415.82461 2729.09619 -505.98347
-415.64153 2725.84605 -505.03289
-414.64166 2722.74562 -505.10659
-413.47704 2720.62987 -505.48239
-412.73425 2718.89851 -505.60766
-412.18444 2717.10045 -505.68136
-412.02322 2715.16812 -505.10659
-412.02322 2715.16812 -505.10659
-413.91720 2711.86293 -502.20330
-415.84330 2710.53468 -500.00005
-418.24486 2708.90960 -497.29573
-420.99278 2707.03229 -494.21561
-424.08707 2704.90277 -490.75969
-424.08707 2704.90277 -490.75969
-430.94912 2699.88086 -483.44261
-434.54184 2697.31403 -479.55932
-434.54184 2697.31403 -479.55932
-442.74343 2691.56419 -470.59166
-447.00593 2688.63340 -465.88309
-451.15860 2686.00563 -460.95344
-455.59244 2683.14817 -455.84695
-460.02496 2680.29117 -451.01313
-464.29014 2677.35946 -445.75925
-468.87474 2674.31738 -440.87388
-473.20248 2671.36406 -435.96637
-477.14295 2668.54457 -431.43468
-480.47888 2666.06651 -427.52931
-480.47888 2666.06651 -427.52931
-483.05553 2664.11589 -424.84716
-488.01322 2660.28224 -420.07977
-488.01322 2660.28224 -420.07977
-490.43781 2658.51670 -417.44920
-495.80470 2654.80673 -411.41434
-495.80470 2654.80673 -411.41434
-501.28780 2650.39394 -405.47532
-501.28780 2650.39394 -405.47532
-505.07491 2647.76000 -401.26788
-506.24047 2646.95965 -400.56056
-506.80280 2646.50027 -400.20689
-507.08396 2646.27059 -400.03006
-507.08396 2646.27059 -400.03006
-507.08396 2646.27059 -400.03006
-507.08396 2646.27059 -400.03006
-507.14917 2646.24805 -399.83110
-507.43033 2646.01837 -399.65427
-507.58240 2645.83329 -399.60270
-507.64629 2645.81121 -399.67640
-507.64629 2645.81121 -399.67640
-507.99266 2645.55899 -399.30061
-508.94359 2644.96534 -398.29849
-510.60521 2644.12611 -396.47109
-512.61320 2643.03466 -394.26789
-514.94194 2641.83238 -392.16053
-517.18383 2640.79264 -389.90577
-519.16752 2639.84212 -387.90154
-521.17419 2638.75113 -385.97101
-522.81152 2638.05283 -384.34258
-524.63546 2637.68764 -382.78784
-526.30097 2637.90732 -381.40994
-527.89623 2638.54887 -380.08360
-529.54902 2639.56814 -378.95622
-529.54902 2639.56814 -378.95622
-531.70431 2642.66680 -377.88041
-532.60047 2644.21258 -377.43092
-533.20388 2645.32939 -377.10669
-533.81233 2646.04686 -376.92986
-534.06416 2646.35743 -376.80460
-534.12805 2646.33536 -376.87830
-534.06416 2646.35743 -376.80460
-534.04119 2646.49790 -376.73090
-534.04119 2646.49790 -376.73090
-534.01822 2646.63837 -376.65720
-533.93003 2646.80138 -376.78246
-533.86615 2646.82345 -376.70876
-533.90706 2646.94185 -376.70876
-533.88409 2647.08232 -376.63506
-533.88409 2647.08232 -376.63506
-533.88409 2647.08232 -376.63506
-533.92500 2647.20071 -376.63506
-533.96591 2647.31911 -376.63506
-533.96591 2647.31911 -376.63506
-533.96591 2647.31911 -376.63506
-533.96591 2647.31911 -376.63506
-534.02980 2647.29703 -376.70876
-534.02980 2647.29703 -376.70876
-534.02980 2647.29703 -376.70876
-534.09368 2647.27496 -376.78246
-534.19847 2647.37128 -376.85616
-534.80692 2648.08875 -376.67933
-536.14789 2649.87842 -376.05301
-539.02527 2651.93237 -374.17406
-542.84202 2652.73399 -371.24142
-542.84202 2652.73399 -371.24142
-550.86872 2648.36999 -363.51935
-554.93818 2644.04811 -358.83303
-554.93818 2644.04811 -358.83303
-563.23424 2634.81994 -349.55626
-567.46217 2629.91320 -344.69314
-571.67350 2624.74714 -339.63107
-576.03824 2619.39555 -334.24478
-580.33777 2614.06651 -329.05745
-584.59774 2608.61861 -323.59747
-588.72730 2603.21579 -318.53543
-588.72730 2603.21579 -318.53543
-595.57157 2593.95930 -309.96605
-598.02172 2590.59463 -306.83451
-599.77275 2588.13418 -304.57980
-600.82463 2586.57795 -303.20192
-601.54674 2585.53326 -302.39879
-601.89950 2584.88126 -301.89775
-601.98768 2584.71826 -301.77249
-602.05157 2584.69618 -301.84619
-602.05157 2584.69618 -301.84619
-602.05157 2584.69618 -301.84619
-602.11545 2584.67411 -301.91989
-602.17933 2584.65203 -301.99359
-602.20231 2584.51157 -302.06729
-602.26619 2584.48949 -302.14099
-602.26619 2584.48949 -302.14099
-602.33007 2584.46742 -302.21469
-602.39395 2584.44534 -302.28839
-602.54602 2584.26027 -302.23683
-602.41693 2584.30488 -302.36209
-602.35304 2584.32695 -302.28839
-602.35304 2584.32695 -302.28839
-602.35304 2584.32695 -302.28839
-602.35304 2584.32695 -302.28839
-602.35304 2584.32695 -302.28839
-602.28916 2584.34903 -302.21469
-602.22528 2584.37110 -302.14099
-602.16140 2584.39317 -302.06729
-602.12049 2584.27478 -302.06729
-602.12049 2584.27478 -302.06729
-602.05660 2584.29685 -301.99359
-602.05660 2584.29685 -301.99359
-602.05660 2584.29685 -301.99359
-602.05660 2584.29685 -301.99359
-602.05660 2584.29685 -301.99359
-601.99272 2584.31893 -301.91989
-601.99272 2584.31893 -301.91989
-601.99272 2584.31893 -301.91989
-601.99272 2584.31893 -301.91989
-602.47457 2583.62232 -301.29358
-603.92012 2581.53248 -299.41466
-605.98300 2578.30164 -296.65891
-608.65683 2574.32958 -293.15159
-611.42522 2569.79474 -289.39376
-614.38661 2565.19322 -285.58436
-617.24958 2560.09561 -281.57601
-620.31192 2554.53153 -277.39085
-623.23494 2548.35296 -273.00673
-626.46983 2541.40401 -268.12157
-630.15592 2534.29917 -262.93433
-633.95452 2526.89042 -257.42289
-638.14682 2518.94807 -251.41041
-642.55643 2510.79813 -245.14742
-646.83697 2502.69280 -239.00970
-651.07662 2494.46910 -232.87199
-654.74744 2485.64682 -227.18376
-658.04375 2476.15880 -221.62081
-662.67315 2467.40293 -215.80008
-666.81955 2458.28387 -209.61085
-671.12959 2449.63838 -203.42163
-674.60632 2442.34103 -198.08708
-677.43500 2436.72536 -193.95356
-679.37533 2433.13944 -191.19789
-680.56279 2431.13888 -189.56954
-681.22108 2430.11630 -188.69273
-681.61477 2429.58271 -188.19170
-681.78478 2429.65649 -188.06644
-681.85000 2429.63396 -187.86748
-681.89090 2429.75235 -187.86748
-682.08523 2429.68521 -187.54326
-682.60802 2429.10701 -186.91697
-683.71368 2426.86967 -185.28862
-685.74222 2423.12076 -182.40770
-688.00084 2418.36470 -179.02574
-690.47677 2413.40104 -175.39327
-693.13550 2407.71162 -171.38504
-696.28252 2400.92585 -166.62526
-699.91785 2393.04372 -161.11395
-704.09899 2384.44295 -155.05006
-708.36835 2375.67919 -148.86093
-712.66206 2366.77453 -142.47285
-716.83308 2357.51472 -136.08478
-721.43875 2347.83972 -129.19570
-726.33338 2337.53484 -121.73190
-731.12191 2327.13412 -114.46707
-735.69318 2316.94102 -107.45277
-740.12897 2307.19231 -100.68899
-744.42929 2297.88799 -94.17573
-748.59413 2289.02806 -87.91299
-752.51735 2280.51666 -82.09973
-756.43420 2272.40504 -76.41173
-760.04689 2264.66355 -70.82684
-763.41797 2257.27059 -65.69143
-766.71743 2250.29994 -60.88023
-769.64750 2243.72195 -56.37110
-772.30655 2238.03271 -52.36298
-774.06055 2234.11383 -49.53370
-775.08456 2231.63979 -47.90541
-775.61381 2230.66185 -47.15389
-775.57291 2230.54346 -47.15389
-775.67769 2230.63978 -47.22759
-775.65336 2230.78070 -47.42655
-775.56515 2230.94369 -47.55180
-775.66993 2231.04001 -47.62550
-775.64560 2231.18094 -47.82446
-775.55740 2231.34393 -47.94972
-775.59830 2231.46231 -47.94972
-775.59830 2231.46231 -47.94972
-775.51009 2231.62530 -48.07497
-775.55099 2231.74369 -48.07497
-775.48711 2231.76576 -48.00126
-775.52800 2231.88415 -48.00126
-775.52800 2231.88415 -48.00126
-775.46412 2231.90622 -47.92756
-775.44114 2232.04667 -47.85386
-775.44114 2232.04667 -47.85386
-775.37726 2232.06874 -47.78015
-775.35428 2232.20920 -47.70645
-775.29040 2232.23127 -47.63274
-775.22652 2232.25333 -47.55904
-775.26742 2232.37172 -47.55904
-775.20354 2232.39379 -47.48534
-775.13966 2232.41586 -47.41163
-775.01190 2232.46000 -47.26422
-775.01190 2232.46000 -47.26422
-774.94802 2232.48206 -47.19052
-774.98892 2232.60045 -47.19052
-775.05415 2232.57792 -46.99156
-774.99027 2232.59999 -46.91786
-775.27922 2231.97009 -46.34314
-776.10383 2229.96250 -44.89165
-777.63412 2226.65098 -42.43813
-779.69366 2222.36152 -39.23310
-781.99351 2217.72403 -35.85126
-784.40590 2212.78262 -32.14522
-787.53414 2207.19638 -27.76137
-791.29777 2200.72806 -22.42705
-795.23275 2192.87540 -16.66543
-799.39791 2184.01564 -10.40281
-803.52220 2175.03750 -4.14020
-807.75771 2165.75594 2.17394
-812.10579 2156.17049 8.81229
-816.52555 2146.16275 15.77483
-821.13834 2136.08837 22.78890
-825.75116 2126.01401 29.80296
-830.49313 2115.89506 36.94226
-835.02423 2105.58396 43.95630
-839.85448 2095.30206 51.22082
-844.73209 2084.73882 58.61059
-849.78617 2073.84962 66.25083
-855.03329 2062.89378 73.94261
-860.04656 2051.88624 81.58283
-865.03553 2041.01964 89.02408
-869.85589 2030.07881 96.61272
-874.82195 2019.35270 104.12765
-879.87627 2008.46363 111.76781
-884.93064 1997.57458 119.40795
-890.00938 1986.54464 127.24704
-895.11116 1975.37427 135.01240
-900.27686 1964.18186 142.70404
-905.22661 1953.19658 150.41783
-909.95907 1942.41890 157.88111
-914.55601 1932.08559 165.09389
-918.60708 1922.47087 171.75413
-922.28093 1913.64902 177.71442
-925.59546 1905.87884 183.04847
-928.46887 1898.92357 187.75628
-931.15938 1892.69402 192.08835
-933.23232 1887.60533 195.54370
-934.87421 1883.99059 198.04861
-935.91505 1881.77601 199.47785
-936.22707 1881.00571 199.97884
-936.18619 1880.88733 199.97884
-936.22707 1881.00571 199.97884
-936.47386 1880.25794 200.28086
-937.33960 1878.36885 201.73227
-938.71682 1875.24305 203.86145
-940.56599 1870.76170 206.94105
-942.62243 1865.41373 210.59533
-944.83098 1859.88073 214.30115
-947.43335 1853.81419 218.50795
-950.61245 1846.48844 223.59146
-957.46704 1830.34049 234.90783
-957.46704 1830.34049 234.90783
-961.17559 1822.03690 240.74278
-964.77940 1813.63700 246.65144
-968.29501 1805.40008 252.43484
-971.59328 1797.37076 257.96775
-975.13690 1790.05173 263.50065
-978.71495 1783.25084 268.90830
-982.30956 1776.70925 274.11699
-985.23558 1770.53108 278.77317
-987.54398 1765.49376 282.55264
-989.05690 1761.92369 284.93226
-990.01742 1759.47192 286.63413
-990.72977 1757.76838 287.76132
-991.21830 1756.67214 288.51277
-991.35388 1756.22781 288.76326
-991.35388 1756.22781 288.76326
-991.35388 1756.22781 288.76326
-991.41776 1756.20575 288.68955
-991.41776 1756.20575 288.68955
-991.41776 1756.20575 288.68955
-991.41776 1756.20575 288.68955
-991.48163 1756.18369 288.61584
-991.48163 1756.18369 288.61584
-991.48163 1756.18369 288.61584
-991.48163 1756.18369 288.61584
-991.48163 1756.18369 288.61584
-991.48163 1756.18369 288.61584
-991.48163 1756.18369 288.61584
-991.70546 1755.57638 288.99157
-992.41780 1753.87283 290.11876
-993.55480 1751.09512 292.07111
-994.87475 1747.59171 294.39919
-996.81234 1742.94748 297.60396
-1001.79087 1732.88049 305.06698
-1001.79087 1732.88049 305.06698
-1008.28958 1721.36101 314.01072
-1008.28958 1721.36101 314.01072
-1012.52857 1714.59700 319.57290
-1017.41318 1707.61004 325.76128
-1022.62640 1700.11210 332.25167
-1027.58788 1692.30363 338.61680
-1032.43320 1683.74030 345.10717
-1037.16884 1674.02237 351.84800
-1041.99924 1663.74176 358.83931
-1046.81315 1653.20187 366.02955
-1051.77921 1642.47697 373.27130
-1056.85656 1631.44868 380.56458
-1061.95182 1620.67923 387.93154
-1067.21714 1609.98360 395.42374
-1072.78162 1599.31718 403.16639
-1078.30526 1588.53240 410.90903
-1084.00543 1577.42170 418.90213
-1089.88213 1565.98509 427.14569
-1101.81079 1542.78648 443.61057
-1101.81079 1542.78648 443.61057
-1107.64676 1531.23157 451.85407
-1113.39451 1519.83965 459.97232
-1119.03107 1508.75116 468.03903
-1124.56292 1497.56637 476.17943
-1130.13568 1486.49998 484.31981
-1135.66762 1475.31524 492.46018
-1141.41697 1463.92296 500.85100
-1147.21375 1452.24937 509.36705
-1153.09883 1440.41283 518.00830
-1158.83045 1428.76182 526.32536
-1164.70912 1417.32506 534.84134
-1170.45870 1405.93291 543.23208
-1176.24921 1394.65916 551.62279
-1181.95801 1383.14868 560.01349
-1187.41510 1371.32769 568.27893
-1192.87224 1359.50672 576.54436
-1204.43579 1336.70063 593.25192
-1204.43579 1336.70063 593.25192
-1210.01569 1325.23486 601.51729
-1215.46650 1313.81371 609.65742
-1221.00562 1302.22961 617.92276
-1226.64952 1290.74187 626.11437
-1232.25260 1279.13577 634.30596
-1237.80834 1267.81103 642.37230
-1243.31672 1256.76765 650.31340
-1248.63214 1245.79093 658.20296
-1253.85142 1235.37738 665.56938
-1261.71219 1220.47479 676.56747
-1261.71219 1220.47479 676.56747
-1264.04145 1216.75594 679.69823
-1265.33452 1214.85217 681.25251
-1265.99325 1213.82983 682.12912
-1266.53932 1213.11136 682.68156
-1266.71586 1212.78544 682.93202
-1266.71586 1212.78544 682.93202
-1266.71586 1212.78544 682.93202
-1266.71586 1212.78544 682.93202
-1267.02153 1212.41494 683.30771
-1267.85679 1211.06669 684.43478
-1269.63860 1208.06680 686.74043
-1271.80440 1203.87446 689.87118
-1274.43454 1198.72691 693.55437
-1277.02383 1193.46100 697.23754
-1279.87793 1187.70621 701.29641
-1282.80523 1181.52872 705.95210
-1285.67380 1174.97406 710.53408
-1289.23130 1167.91660 715.04944
-1291.82176 1160.13316 720.02929
-1295.18942 1151.68397 725.06776
-1303.73971 1134.15904 738.26117
-1308.20720 1125.33021 744.77305
-1312.71559 1116.61976 751.28491
-1317.30574 1108.14607 757.79676
-1317.30574 1108.14607 757.79676
-1321.59023 1100.04289 763.93292
-1325.44984 1093.01377 769.24398
-1328.71595 1086.98444 773.87740
-1331.40503 1082.21417 777.63422
-1335.24822 1074.92580 783.14421
-1335.24822 1074.92580 783.14421
-1336.30414 1071.91168 785.09633
-1336.99050 1069.29010 786.74649
-1337.47591 1067.13533 787.94725
-1337.83872 1064.62545 789.14801
-1338.23764 1061.17575 790.52550
-1338.09362 1056.98614 791.92520
-1337.58042 1051.73167 793.05224
-1336.52290 1045.73776 793.92883
-1335.26107 1039.15200 794.80542
-1333.48408 1032.74408 795.45376
-1331.42957 1026.16701 795.50527
-1328.69505 1019.29477 795.05587
-1320.53179 1004.22824 792.62505
-1315.57360 996.13645 791.29197
-1310.74317 988.00055 789.81146
-1310.74317 988.00055 789.81146
-1302.29678 972.10435 787.92596
-1299.31342 964.92056 787.89666
-1297.58482 957.17115 789.93761
-1298.11131 948.64329 793.21572
-1300.38903 940.17332 797.45122
-1302.90484 931.75366 802.55621
-1305.59067 923.40781 807.78642
-1308.25492 915.20190 813.36301
-1311.09575 906.67010 819.19004
-1314.00704 897.71657 825.06857
-1314.00704 897.71657 825.06857
-1321.06950 879.64654 837.13466
-1321.06950 879.64654 837.13466
-1325.06852 870.71504 843.27071
-1329.20188 861.33976 849.38454
-1332.53408 851.31373 855.27011
-1335.57373 840.85880 861.03046
-1339.84978 819.11424 871.64526
-1339.84978 819.11424 871.64526
-1340.81146 807.65448 876.44821
-1341.32045 796.35099 880.67654
-1341.58904 785.39544 884.72814
-1341.76279 775.00254 888.52929
-1341.93000 765.00934 892.20521
-1342.32453 755.46758 895.80741
-1342.67025 746.20764 899.01172
-1343.17800 737.42167 901.94337
-1343.40588 728.86478 904.97095
-1343.63377 720.30790 907.99853
-1344.03686 711.42562 911.00389
-1344.48742 702.26203 914.13447
-1344.96241 692.95754 917.46399
-1345.41959 683.39428 920.71979
-1346.01113 673.38725 923.95337
-1346.62711 663.23933 927.38589
-1347.22942 642.36602 934.42058
-1347.22942 642.36602 934.42058
-1347.42519 631.83330 937.87531
-1347.89571 621.47071 941.38153
-1348.17324 611.17474 944.83626
-1348.57995 600.83421 948.41620
-1348.98668 590.49368 951.99613
-1349.80684 569.41298 959.28122
-1349.80684 569.41298 959.28122
-1349.87648 558.92390 963.15603
-1349.89351 549.11535 967.05306
-1350.35336 533.06044 972.65874
-1350.35336 533.06044 972.65874
-1350.85304 526.13213 975.16317
-1351.58141 519.65478 977.86654
-1352.83299 512.59947 981.19601
-1354.65525 504.68490 985.27681
-1356.73262 495.62257 990.05742
-1361.16416 476.21026 999.97209
-1363.17952 468.22912 1004.10436
-1363.17952 468.22912 1004.10436
-1364.88054 462.47593 1007.43382
-1366.23815 458.03346 1009.93822
-1367.67085 454.22740 1012.31741
-1368.90912 450.48845 1014.37243
-1370.64618 446.31244 1016.85461
-1370.64618 446.31244 1016.85461
-1371.06988 445.23897 1017.40699
-1371.46915 444.30640 1017.76043
-1371.97975 443.07047 1018.16537
-1371.97975 443.07047 1018.16537
-1373.78491 443.77221 1014.90754
-1374.20861 442.69874 1015.45992
-1374.51118 441.26967 1016.28496
-1374.87763 439.81856 1017.03628
-1375.24407 438.36746 1017.78760
-1375.65136 437.03472 1018.53892
-1376.08168 435.56157 1019.21651
-1376.40728 433.99209 1019.96783
-1376.86203 432.37805 1020.84437
-1378.15121 426.89950 1023.59921
-1378.15121 426.89950 1023.59921
-1379.19649 423.22716 1025.60272
-1380.09621 419.34013 1027.67995
-1381.18895 415.38650 1029.80869
-1383.53007 405.83596 1034.69224
-1384.84232 400.21702 1037.37335
-1386.15599 394.59760 1040.32711
-1386.15599 394.59760 1040.32711
-1389.16483 382.16742 1046.51434
-1389.16483 382.16742 1046.51434
-1392.86264 365.65808 1054.65356
-1394.58257 356.18954 1059.10994
-1394.58257 356.18954 1059.10994
-1396.40724 346.81734 1063.49258
-1398.57855 337.19308 1068.25088
-1400.95096 327.10207 1073.45855
-1403.47557 316.82610 1078.71771
-1405.76635 306.49838 1083.92536
-1408.22716 296.24448 1089.25822
-1410.58329 285.89426 1094.66480
-1416.43077 264.93466 1105.86064
-1416.43077 264.93466 1105.86064
-1423.05474 243.70726 1118.08040
-1423.05474 243.70726 1118.08040
-1430.10715 222.46460 1130.67577
-1430.10715 222.46460 1130.67577
-1436.30200 205.22681 1141.46659
-1438.46145 198.91845 1145.22307
-1438.46145 198.91845 1145.22307
-1441.67099 189.99601 1150.80628
-1442.61493 187.28607 1152.43409
-1443.31173 185.32369 1153.75997
-1444.11323 183.45765 1155.01212
-1444.88054 181.07357 1156.38949
-1446.08945 177.87484 1158.39294
-1447.77105 173.32090 1161.34662
-1449.81115 167.71607 1164.65371
-1452.21261 161.05937 1168.85953
-1454.81517 153.93592 1173.51472
-1457.49491 145.99111 1178.34661
-1457.49491 145.99111 1178.34661
-1464.88538 128.87100 1189.86636
-1468.41208 120.23667 1195.77367
-1471.71016 111.15141 1201.48203
-1474.92802 101.82893 1207.46304
-1478.27364 92.46240 1213.29660
-1478.27364 92.46240 1213.29660
-1483.76403 76.52790 1223.35816
-1485.89406 70.75974 1227.06307
-1485.89406 70.75974 1227.06307
-1489.42399 63.18407 1232.52097
-1491.47112 61.15327 1235.17268
-1494.19466 60.87594 1237.75066
-1497.44242 62.53704 1240.20344
-1500.50471 66.38140 1241.97865
-1503.84479 71.45447 1243.35599
-1503.84479 71.45447 1243.35599
-1511.32673 83.70817 1246.58227
-1515.51467 90.60800 1248.28376
-1520.22900 97.98848 1250.16195
-1524.74508 105.83472 1252.13610
-1529.80917 114.02171 1253.94057
-1534.72251 122.39315 1255.96621
-1539.36116 130.59444 1257.94035
-1543.09498 137.65090 1258.79460
-1544.90397 143.11971 1257.77768
-1546.30528 145.94762 1256.79001
-1546.92214 149.44354 1254.38053
-1547.18571 153.59118 1251.47020
-1663.96827 566.03438 1224.05325
-1663.96827 566.03438 1224.05325
-1663.96827 566.03438 1224.05325
-1663.96827 566.03438 1224.05325
-1663.96827 566.03438 1224.05325
-1663.90440 566.05642 1224.12697
-1663.90440 566.05642 1224.12697
-1664.14488 565.70850 1224.30367
-1664.47366 565.19764 1224.60559
-1664.77943 564.82719 1224.98123
-1664.67756 564.72989 1225.60027
-1664.74142 564.70785 1225.52655
-1664.74000 564.70834 1225.25389
-1664.74000 564.70834 1225.25389
-1664.51736 565.31502 1225.15091
-1664.47971 566.25524 1224.70155
-1664.36622 570.53316 1223.32420
-1664.36622 570.53316 1223.32420
-1663.50279 573.48038 1221.42377
-1659.94475 580.13929 1215.94364
-1659.94475 580.13929 1215.94364
-1657.65544 583.97602 1212.81330
-1655.27784 587.97570 1209.55775
-1650.16141 597.02696 1202.14791
-1650.16141 597.02696 1202.14791
-1647.44703 601.93766 1198.19255
-1644.42689 607.21882 1193.86155
-1641.40677 612.49998 1189.53055
-1638.36364 617.92155 1185.27327
-1634.99693 623.45482 1180.56661
-1627.56902 634.36369 1172.36211
-1627.56902 634.36369 1172.36211
-1624.22678 639.75608 1167.85438
-1620.75681 645.19256 1163.49408
-1617.24458 650.51118 1158.86112
-1613.88453 655.64482 1154.27965
-1610.09760 660.79334 1149.59519
-1606.39756 665.77941 1144.76327
-1602.29365 670.63996 1139.75464
-1598.18975 675.50052 1134.74600
-1589.60111 684.95571 1124.47828
-1585.15723 689.66870 1119.21919
-1580.43863 694.21160 1113.90860
-1580.43863 694.21160 1113.90860
-1575.75948 698.87335 1108.32534
-1571.01648 703.55715 1102.81580
-1566.14433 708.28554 1097.18103
-1561.31305 713.13229 1091.54625
-1551.39223 722.91497 1080.02624
-1551.39223 722.91497 1080.02624
-1546.47269 727.92468 1074.26622
-1541.38316 732.86062 1068.38097
-1531.37413 742.80628 1056.73567
-1531.37413 742.80628 1056.73567
-1526.41379 747.69765 1050.97562
-1516.36399 757.52498 1039.33027
-1516.36399 757.52498 1039.33027
-1511.59670 762.34974 1033.62169
-1506.74112 767.33745 1027.78788
-1497.11972 777.14945 1016.51812
-1497.11972 777.14945 1016.51812
-1492.48163 781.92965 1010.93473
-1487.46409 786.44343 1005.37355
-1482.43529 790.29874 999.86386
-1476.90306 793.53302 994.10372
-1471.08484 795.93872 988.34358
-1458.75714 799.79649 976.37388
-1452.63228 801.11580 969.99467
-1452.63228 801.11580 969.99467
-1446.14722 802.42696 963.98405
-1439.57388 803.90107 957.84820
-1432.61733 805.50745 952.15465
-1425.74767 806.95136 946.31366
-1418.87802 808.39526 940.47266
-1412.09666 809.67621 934.75687
-1398.41796 811.48331 923.45048
-1398.41796 811.48331 923.45048
-1385.53247 811.82434 912.99840
-1380.24875 811.79349 908.83674
-1380.24875 811.79349 908.83674
-1376.18465 811.73909 905.60315
-1369.07176 811.01487 900.06403
-1369.07176 811.01487 900.06403
-1366.42686 810.47060 897.93523
-1364.97855 810.04319 896.80821
-1364.23326 809.77055 896.10838
-1364.23326 809.77055 896.10838
-1364.27412 809.88892 896.10838
-1364.40326 809.84434 896.23360
-1364.40326 809.84434 896.23360
-1365.28006 809.67417 896.36590
-1365.28006 809.67417 896.36590
-1363.45088 808.98081 894.98844
-1363.45088 808.98081 894.98844
-1360.47255 807.88926 892.73441
-1356.56248 806.19199 889.85426
-1347.05549 801.26010 883.09217
-1335.28494 794.59247 874.48099
-1328.73188 790.89300 869.77397
-1309.77718 782.46578 855.32870
-1304.24369 783.18343 850.31970
-1296.46218 790.37340 841.15605
-1294.53773 796.73405 837.45079
-1293.96674 804.08479 834.62211
-1293.07978 817.63846 829.66459
-1292.90138 821.93925 828.08817
-1292.53985 826.96563 826.13606
-1292.51357 828.56441 825.63516
-1292.51357 828.56441 825.63516
-1292.51357 828.56441 825.63516
-1292.51357 828.56441 825.63516
-1292.51357 828.56441 825.63516
-1292.48916 828.70531 825.43622
-1292.42860 829.78602 825.06054
-1291.89853 837.25515 822.23185
-1291.49947 843.22183 819.83035
-1290.57696 856.25796 814.72538
-1289.74780 863.69789 811.64623
-1288.68950 872.14425 808.33884
-1286.89617 891.04507 799.91134
-1285.53416 900.92109 795.50620
-1285.53416 900.92109 795.50620
-1279.52418 927.90145 781.68682
-1275.52840 941.86618 774.04796
-1274.05693 948.07069 770.91727
-1271.23326 959.77618 765.10529
-1269.83224 965.55896 762.02611
-1269.83224 965.55896 762.02611
-1264.21070 986.31157 751.89775
-1262.25846 993.21203 748.41357
-1260.16718 999.49810 745.12833
-1253.84863 1007.77338 737.58531
-1244.28503 1007.89527 730.21191
-1239.24170 1004.99943 727.25083
-1239.24170 1004.99943 727.25083
-1227.35298 989.36384 723.79681
-1221.95592 977.05148 724.43095
-1219.73247 971.85738 724.60058
-1217.24601 965.69424 724.69650
-1216.56265 964.34036 724.64499
-1216.31748 963.63011 724.64499
-1216.21275 963.53378 724.71871
-1216.21275 963.53378 724.71871
-1216.25361 963.65216 724.71871
-1216.25361 963.65216 724.71871
-1216.25361 963.65216 724.71871
-1216.25361 963.65216 724.71871
-1214.95732 960.52266 724.66719
-1213.12467 956.25351 724.76311
-1210.86694 950.54132 725.05798
-1205.64042 936.84527 725.84665
-1203.04594 929.52708 726.46569
-1197.32248 912.29313 728.15318
-1194.28180 902.21441 729.34685
-1191.10867 891.12157 730.86470
-1185.18413 866.80315 735.17489
-1182.58305 854.85048 737.71677
-1180.13416 842.71281 740.31017
-1177.66746 830.31634 742.82985
-1173.40099 804.10093 749.14370
-1173.40099 804.10093 749.14370
-1171.38381 790.48953 752.68741
-1169.11495 776.56756 756.10589
-1166.25445 762.18743 759.14869
-1163.11926 747.63716 762.13997
-1159.86017 732.73224 764.85859
-1155.92253 717.53160 767.34896
-1151.83798 702.11673 769.64038
-1147.38388 687.09435 771.62983
-1142.96272 672.59052 773.22139
-1138.26030 658.31623 774.63621
-1133.34050 644.24944 775.80058
-1128.05633 630.17592 776.51554
-1122.57919 616.16899 777.17899
-1116.41553 602.26649 777.21630
-1109.92835 588.47563 776.80421
-1102.77247 575.04799 775.83969
-1095.18175 562.03534 774.37425
-1087.60091 549.68164 772.58464
-1079.81250 538.19439 770.22039
-1072.05838 527.22519 767.73091
-1064.01637 516.88521 764.93945
-1056.21948 507.25547 762.14800
-1048.47329 498.40306 759.03236
-1041.18305 490.45310 756.04195
-1034.43046 483.64236 753.17677
-1023.59159 472.94257 748.20487
-1019.00332 468.43190 746.12037
-1014.77286 464.32767 744.36004
-1010.75186 460.41611 742.45228
-1001.46924 451.29885 738.08431
-995.82680 445.82713 735.37365
-984.10245 434.24043 729.62814
-978.90474 429.01264 727.09421
-973.87704 423.85867 724.68551
-968.78407 418.72720 722.07787
-963.73856 413.31440 719.59545
-958.01970 407.20658 716.73734
-945.71425 394.36297 710.32123
-939.54933 388.01159 707.01370
-933.43188 381.37887 703.83140
-927.02052 374.31763 700.25120
-920.27581 366.70901 696.54577
-905.83838 350.62651 688.70768
-898.27481 342.10806 684.70026
-883.00078 324.85683 676.48645
-875.58945 316.15332 672.53053
-868.38898 307.64199 668.69984
-861.65103 299.63345 665.11961
-849.47579 285.28722 658.85797
-849.47579 285.28722 658.85797
-838.69996 271.65044 653.32553
-833.59670 264.40263 650.79867
-828.69310 256.68851 648.44856
-819.34456 239.24734 644.20489
-815.19214 229.94929 642.43655
-815.19214 229.94929 642.43655
-811.04637 220.25152 640.79345
-803.25506 200.41844 638.20713
-803.25506 200.41844 638.20713
-794.81951 180.80759 635.26730
-790.13562 171.42791 633.46964
-790.13562 171.42791 633.46964
-785.34040 162.35157 631.62046
-775.63205 144.90192 627.74535
-775.63205 144.90192 627.74535
-770.97720 136.43951 625.96989
-766.40405 128.21386 624.19442
-761.85257 119.84825 622.07258
-752.28996 102.61320 618.12375
-752.28996 102.61320 618.12375
-747.30187 93.60332 616.22305
-736.60638 75.16929 612.19337
-736.60638 75.16929 612.19337
-731.22115 65.63400 610.24114
-725.88342 55.81737 608.41415
-720.80400 45.91163 606.83763
-715.94207 35.79838 605.51157
-711.16848 25.52219 604.31075
-706.48461 15.08257 603.50783
-702.42872 4.16140 603.25736
-699.10691 -7.14544 603.75829
-695.96840 -19.17787 604.63493
-688.30162 -44.35306 606.32956
-683.38314 -57.36125 606.22652
-683.38314 -57.36125 606.22652
-678.03643 -70.35422 605.74778
-672.56061 -83.30267 605.14380
-667.13231 -96.53246 604.66506
-661.47020 -109.81409 604.13479
-650.54856 -136.25127 602.97836
-650.54856 -136.25127 602.97836
-645.37873 -149.57022 602.75008
-640.37893 -162.81534 602.64704
-635.20781 -176.13386 602.14610
-630.14144 -189.35603 601.57145
-625.03290 -202.69613 600.72414
-619.85913 -216.01375 599.67787
-614.66098 -229.19048 598.43266
-609.33371 -242.32270 597.06222
-603.69930 -255.08406 595.04341
-597.64638 -267.17122 592.32471
-591.17631 -278.58467 589.17879
-584.93346 -289.54660 585.95915
-573.90257 -307.46813 579.99148
-573.90257 -307.46813 579.99148
-569.25474 -313.81372 577.31716
-565.26680 -318.66474 574.76808
-562.30313 -322.01435 572.79365
-559.10560 -325.41580 570.76770
-558.43238 -326.11096 570.39199
-558.43238 -326.11096 570.39199
-558.39156 -326.22935 570.39199
-558.39156 -326.22935 570.39199
-558.52071 -326.27389 570.51723
-558.58459 -326.29591 570.44351
-558.52071 -326.27389 570.51723
-558.52071 -326.27389 570.51723
-558.52071 -326.27389 570.51723
-558.52071 -326.27389 570.51723
-558.58597 -326.29639 570.71618
-558.58597 -326.29639 570.71618
-558.52209 -326.27436 570.78989
-558.45821 -326.25234 570.86360
-558.45821 -326.25234 570.86360
-558.52347 -326.27484 571.06255
-558.52347 -326.27484 571.06255
-558.52347 -326.27484 571.06255
-558.52347 -326.27484 571.06255
-558.65262 -326.31937 571.18778
-558.58874 -326.29735 571.26150
-558.58874 -326.29735 571.26150
-558.58874 -326.29735 571.26150
-558.45959 -326.25281 571.13626
-558.45959 -326.25281 571.13626
-558.52347 -326.27484 571.06255
-558.52347 -326.27484 571.06255
-558.45959 -326.25281 571.13626
-558.52347 -326.27484 571.06255
-558.49903 -326.13394 570.86360
-558.49903 -326.13394 570.86360
-558.56292 -326.15597 570.78989
-558.43377 -326.11144 570.66465
-558.43377 -326.11144 570.66465
-558.43377 -326.11144 570.66465
-558.47459 -325.99304 570.66465
-558.53847 -326.01507 570.59094
-558.36850 -326.08893 570.46570
-557.69528 -326.78409 570.09000
-555.90947 -328.81773 569.01441
-552.51892 -332.15263 566.93693
-548.11382 -336.32995 563.96061
-536.80958 -346.47405 556.65258
-529.41251 -353.46140 551.92296
-520.95177 -362.06908 546.89134
-511.70205 -372.12687 541.60924
-502.54874 -382.74784 536.85028
-484.53377 -402.10333 527.42823
-475.57569 -410.27474 522.24201
-475.57569 -410.27474 522.24201
-449.99518 -432.71823 507.45692
-441.00146 -437.43320 501.34249
-431.73608 -441.25969 494.72709
-422.34456 -443.98294 487.53703
-412.72221 -445.69931 479.84599
-393.85162 -448.46627 464.58912
-384.87342 -451.46458 458.24632
-368.25809 -460.70556 448.23508
-359.88852 -465.50345 443.09312
-341.93425 -474.01800 431.70419
-332.24785 -476.77228 425.08151
-312.01925 -479.73379 410.33321
-301.56100 -481.16224 402.50959
-291.10713 -481.53242 394.50919
-270.28709 -479.91850 377.60947
-259.85840 -477.91285 369.05650
-249.12985 -474.08162 361.46175
-232.15899 -467.17098 346.31524
-225.23303 -463.59092 339.92068
-219.12141 -460.15912 334.00490
-213.69635 -456.83153 328.71532
-208.50652 -453.45256 323.74994
-197.07367 -445.13921 312.44146
-190.84173 -439.54625 306.04683
-184.54895 -432.87248 299.27646
-178.15450 -425.23628 292.13034
-171.87283 -417.90390 285.30840
-165.42122 -410.64538 278.36120
-158.98601 -403.12755 271.21503
-152.24505 -395.23932 263.69311
-145.56269 -386.97383 256.24488
-138.85593 -378.56742 248.59768
-132.13279 -370.42030 241.14941
-125.76297 -362.92490 234.20212
-120.23858 -356.11840 228.05783
-115.25079 -350.68924 222.79025
-110.20001 -346.69565 217.62575
-104.81959 -344.70813 212.91069
-99.00345 -344.82258 208.44612
-93.27483 -347.61687 204.85827
-87.88534 -352.78030 202.27240
-83.42789 -359.85488 201.33692
-80.40300 -368.21826 201.75700
-78.33098 -377.17513 203.45172
-77.19272 -386.98384 206.07472
-76.97623 -396.84538 209.64816
-77.95620 -406.58946 214.22358
-79.80909 -416.10455 219.35152
-82.82870 -424.96199 225.42989
-87.10198 -433.32425 232.31128
-91.57104 -441.75399 239.78953
-96.26291 -450.79044 247.37084
-105.72402 -469.68481 262.71021
-110.01885 -479.24670 270.23995
-113.72887 -489.66679 277.51918
-120.07435 -512.78602 291.82713
-126.75692 -536.81620 306.83498
-129.92682 -549.43454 314.43836
-132.94455 -561.86791 321.99020
-136.38922 -574.31594 329.64510
-142.89263 -599.07885 344.85179
-146.11996 -611.31937 352.25617
-148.68523 -623.59658 359.23327
-152.13933 -649.03026 371.86131
-152.84047 -662.51945 377.31329
-153.07928 -676.51163 382.51479
-152.83270 -690.86635 387.53950
-152.15929 -705.20639 392.46114
-151.15118 -733.73820 402.28224
-150.73916 -747.10848 407.00492
-149.86777 -759.92297 411.02768
-147.53493 -772.36619 413.67277
-143.27296 -784.54190 414.83713
-131.89676 -808.57260 414.46206
-126.02789 -820.59191 414.32247
-120.26514 -832.51532 414.38184
-114.56631 -844.46077 414.36749
-102.81247 -868.75884 414.28726
-96.21640 -880.79252 413.52145
-88.95826 -892.86297 412.32838
-81.54653 -904.74804 410.81112
-73.83711 -916.66301 409.31603
-66.36156 -928.52613 407.87247
-66.36156 -928.52613 407.87247
-58.88606 -940.38928 406.42891
-51.34669 -952.23045 405.05906
-43.99903 -964.13771 403.46807
-36.39448 -975.95646 401.89927
-29.04826 -987.86425 400.58094
-22.04874 -1000.02401 399.63834
-15.17840 -1012.22831 398.82099
-8.35565 -1024.71397 398.12888
-1.63763 -1037.10326 397.36305
5.27340 -1049.42606 396.54570
11.88390 -1061.71996 396.25149
18.32716 -1073.93903 395.53720
24.70511 -1086.18062 395.02186
30.97834 -1098.32585 394.43281
37.14008 -1110.77444 393.89529
43.40786 -1123.31898 393.15882
49.80338 -1135.81951 392.56977
55.94191 -1148.40861 391.95854
62.14431 -1160.97571 391.42102
68.28277 -1173.56486 390.80979
74.54898 -1186.11000 390.34598
80.88041 -1198.63268 389.68321
87.25261 -1211.27380 389.02045
99.16344 -1236.44586 388.52009
105.06645 -1248.98373 388.23305
111.05778 -1261.35871 387.82078
116.79213 -1273.82223 387.38632
122.31707 -1286.09298 386.80445
127.67878 -1297.89009 386.22257
137.70317 -1319.87059 384.91140
150.52392 -1338.63577 379.67329
158.42364 -1347.30659 375.41496
166.73942 -1356.76139 370.75871
175.55826 -1366.83772 365.85197
184.66940 -1377.34326 360.81998
202.77335 -1399.05756 350.93276
211.91841 -1410.08139 346.02600
221.03896 -1421.24617 341.31819
238.30659 -1445.36833 333.55292
246.24427 -1458.13289 330.34805
254.18192 -1470.89750 327.14318
262.37647 -1483.57363 323.96047
270.05435 -1496.42776 321.27876
276.92324 -1509.03070 319.22327
276.92324 -1509.03070 319.22327
282.74793 -1521.33099 318.11822
287.67527 -1533.54298 317.76465
291.77051 -1545.64418 317.96360
298.73998 -1567.35285 318.81096
301.30558 -1576.27180 319.38566
303.39530 -1582.97024 319.70986
304.76171 -1588.19573 320.08560
305.93776 -1592.02964 320.21085
306.95066 -1595.38986 320.33610
307.86430 -1598.25441 320.53505
308.63247 -1600.90412 320.66030
309.40063 -1603.55383 320.78554
310.69495 -1606.68466 320.73401
312.49910 -1610.03729 320.30673
315.55405 -1612.82664 318.62698
319.48591 -1614.38669 315.82001
324.35859 -1614.69542 311.95952
329.85937 -1614.52288 307.54650
335.21468 -1614.13552 303.05976
341.08663 -1613.57021 298.07203
347.73351 -1612.73800 292.33280
354.88071 -1611.46853 285.89362
362.86674 -1609.91015 278.77664
371.28239 -1608.33628 271.01124
380.00392 -1606.39212 262.87008
389.00687 -1604.21856 254.55212
397.90375 -1601.94907 246.43309
406.84140 -1599.79801 238.31404
415.60910 -1597.57302 230.32023
424.86758 -1595.31147 222.29701
433.95067 -1593.37527 214.25162
443.37770 -1591.18814 206.37579
452.70004 -1588.90461 198.42622
461.44185 -1586.82103 190.90394
469.66702 -1584.91539 183.88264
477.74945 -1583.85376 177.23709
485.93386 -1584.34669 170.96728
494.43503 -1585.12794 164.37324
503.02457 -1585.74630 157.65394
511.72014 -1586.46063 150.73567
520.24440 -1587.10149 144.21530
528.08346 -1587.84590 138.04852
535.67372 -1589.33837 132.45645
542.86568 -1592.82268 127.94010
549.11960 -1598.61719 124.92678
554.05480 -1606.45559 123.66702
557.46734 -1615.74573 124.16080
559.04858 -1625.79905 126.33442
560.06560 -1636.31164 129.13431
560.92352 -1647.40890 132.11100
561.79093 -1659.16524 135.41190
562.82145 -1671.39528 138.71280
563.90902 -1684.00308 142.21266
565.13658 -1697.22501 145.63881
566.10034 -1710.93518 149.16805
567.05724 -1725.04512 152.82254
568.53887 -1739.63668 156.57289
569.67511 -1754.47963 160.42633
571.05058 -1768.97523 164.37564
572.29549 -1783.51577 168.72286
573.60695 -1798.03336 172.59846
574.91836 -1812.55095 176.47405
576.31128 -1827.30538 180.34964
577.53420 -1841.98586 184.35048
578.52459 -1856.61392 188.13020
579.62096 -1871.33792 191.71095
580.46578 -1885.75112 195.41696
581.42476 -1899.86003 198.52608
582.27364 -1912.81461 201.65737
582.97302 -1924.49597 204.53815
583.76758 -1935.61466 207.16843
584.65595 -1946.17117 209.82087
585.22626 -1955.38002 212.07539
586.13379 -1963.67795 213.62994
587.71706 -1971.21333 214.50670
590.23575 -1977.89676 214.18249
593.54305 -1983.51385 212.85628
597.88911 -1988.37589 210.67546
602.64712 -1992.96362 207.91994
607.90547 -1997.11416 204.46445
613.82591 -2001.30168 200.58165
619.09108 -2005.05248 197.00090
622.72762 -2007.64197 194.62113
624.98838 -2009.38046 193.04440
626.48784 -2010.58627 191.96868
627.50062 -2011.42977 191.34242
627.84049 -2011.57769 191.09192
627.67056 -2011.50373 191.21717
627.67056 -2011.50373 191.21717
627.67056 -2011.50373 191.21717
627.67056 -2011.50373 191.21717
627.71133 -2011.62216 191.21717
627.71133 -2011.62216 191.21717
627.77523 -2011.60016 191.29087
627.77523 -2011.60016 191.29087
627.77523 -2011.60016 191.29087
627.77523 -2011.60016 191.29087
627.77523 -2011.60016 191.29087
627.77523 -2011.60016 191.29087
627.83914 -2011.57816 191.36458
627.83914 -2011.57816 191.36458
627.90304 -2011.55616 191.43829
627.90304 -2011.55616 191.43829
628.03220 -2011.51169 191.31304
628.03220 -2011.51169 191.31304
628.03220 -2011.51169 191.31304
627.96830 -2011.53369 191.23933
627.96830 -2011.53369 191.23933
627.96830 -2011.53369 191.23933
627.96830 -2011.53369 191.23933
627.92752 -2011.41526 191.23933
627.92752 -2011.41526 191.23933
627.73446 -2011.48173 191.29087
627.67056 -2011.50373 191.21717
627.60666 -2011.52573 191.14346
627.50198 -2011.42931 191.06976
627.30892 -2011.49578 191.12130
627.24502 -2011.51778 191.04760
627.24502 -2011.51778 191.04760
627.18112 -2011.53978 190.97389
627.18112 -2011.53978 190.97389
627.14034 -2011.42135 190.97389
627.14034 -2011.42135 190.97389
627.14034 -2011.42135 190.97389
627.14034 -2011.42135 190.97389
627.14034 -2011.42135 190.97389
627.14034 -2011.42135 190.97389
627.14034 -2011.42135 190.97389
627.14034 -2011.42135 190.97389
627.20424 -2011.39935 191.04760
627.20424 -2011.39935 191.04760
627.16347 -2011.28092 191.04760
627.20424 -2011.39935 191.04760
627.83638 -2011.97651 190.67184
629.90271 -2013.78195 189.41932
633.08103 -2016.92662 187.46684
636.69706 -2020.71539 185.46281
640.24234 -2024.92593 183.51032
644.07989 -2029.56572 181.43259
647.97585 -2034.58281 179.28114
652.12328 -2039.91073 177.00444
655.92536 -2045.49002 174.83084
658.63971 -2052.10616 173.90975
660.85369 -2059.15951 173.68863
662.97791 -2066.37623 173.86543
665.24209 -2074.20710 173.96852
667.71012 -2082.63012 174.07162
670.55194 -2091.71926 174.04945
673.20067 -2100.87487 174.07884
675.70393 -2109.81562 174.03452
677.81025 -2118.23070 174.04175
679.88675 -2125.72877 174.34380
681.87226 -2132.33089 174.32164
683.59820 -2137.96264 173.82785
685.47642 -2143.40950 173.28252
687.39540 -2148.97480 172.73720
689.84731 -2154.62156 171.88982
692.55753 -2160.17939 170.79193
695.69050 -2166.12155 169.17088
699.13335 -2172.75184 167.35087
702.77455 -2180.37358 165.38345
711.30878 -2197.57052 160.67493
716.00873 -2207.21219 157.98538
726.13433 -2227.96779 152.00941
731.45395 -2238.98576 148.92194
736.89585 -2250.35905 145.83447
747.38911 -2274.69720 140.33734
752.44047 -2287.66206 137.92768
757.38026 -2300.93026 135.56957
762.41781 -2314.69468 133.41042
767.35064 -2328.36268 131.17756
772.52412 -2341.68291 128.76790
777.32380 -2354.33703 126.48350
781.77283 -2366.18459 124.39805
785.97587 -2377.32203 122.58527
790.39645 -2388.25214 120.52198
795.53909 -2398.13893 117.92829
801.58197 -2406.65616 114.28104
808.53195 -2413.40408 109.45495
815.63169 -2418.90829 104.12786
822.84430 -2424.10874 98.47654
829.82173 -2429.25769 93.14943
836.11808 -2434.11121 88.59600
841.86389 -2438.62438 84.41832
847.48488 -2441.72340 79.79117
853.29117 -2442.63922 74.75886
858.96190 -2441.48226 69.22553
864.67773 -2438.98512 63.11747
871.26632 -2436.71746 56.45684
878.55774 -2434.60530 49.36888
886.19587 -2432.24134 41.90515
894.55996 -2429.89245 34.08779
903.36856 -2427.78797 26.09361
912.62854 -2425.52815 17.79735
922.01766 -2423.22388 9.37581
931.93968 -2421.00113 0.65219
951.96598 -2415.83059 -16.89823
962.38563 -2413.17165 -25.77658
972.93441 -2410.46827 -34.78021
983.50632 -2407.62447 -43.71016
1003.64386 -2403.21050 -60.31756
1013.39272 -2403.43185 -67.61922
1022.89656 -2405.45966 -74.16935
1041.07942 -2415.09805 -84.61706
1049.07457 -2422.81152 -88.43366
1057.04910 -2431.72435 -91.87449
1064.73393 -2441.26680 -94.74059
1080.68108 -2461.61018 -100.59805
1088.99102 -2472.12980 -103.71467
1097.37826 -2483.28519 -107.25137
1105.84700 -2494.67751 -110.78807
1123.55764 -2518.65332 -118.58363
1132.23141 -2530.63752 -122.39301
1149.91062 -2554.09445 -130.85919
1159.43270 -2565.38941 -136.01703
1169.34221 -2576.55107 -141.55067
1179.46237 -2587.90523 -147.20957
1199.91324 -2610.80616 -158.65266
1210.48467 -2622.00516 -164.61367
1221.40143 -2632.95289 -170.67781
1244.20345 -2651.99831 -184.36083
1255.75958 -2660.60665 -191.67763
1266.97587 -2669.06704 -198.74392
1278.17452 -2677.26859 -205.73652
1298.75168 -2692.57598 -218.74179
1307.09445 -2698.97841 -224.20184
1313.78572 -2704.35944 -228.53451
1323.20248 -2710.52485 -234.99668
1326.81829 -2711.79770 -237.75250
1330.43852 -2711.61185 -241.08307
1333.89324 -2709.89329 -244.86314
1337.51290 -2706.13089 -249.66746
1341.46856 -2701.45803 -254.89915
1348.74154 -2689.41755 -265.61308
1351.16852 -2681.56141 -270.46899
1352.52721 -2672.48316 -275.17021
1354.31026 -2662.33155 -280.42406
1356.34221 -2651.43192 -286.25268
1358.32398 -2639.75468 -292.40553
1360.31259 -2627.67764 -298.68366
1362.54187 -2615.25281 -305.13863
1364.84322 -2602.40571 -311.91783
1364.84322 -2602.40571 -311.91783
1369.45952 -2575.91188 -325.72681
1369.45952 -2575.91188 -325.72681
1374.01037 -2549.44043 -339.33685
1374.01037 -2549.44043 -339.33685
1378.46708 -2523.53112 -352.96906
1380.93799 -2510.75791 -359.87360
1383.89411 -2498.34759 -366.95498
1387.07847 -2486.38861 -374.23534
1390.23831 -2474.57050 -381.31674
1393.39811 -2462.75238 -388.39815
1396.46947 -2451.09714 -395.35431
1399.68623 -2439.65679 -402.23677
1402.81456 -2428.37931 -408.99398
1405.85447 -2417.26471 -415.62593
1408.70127 -2406.21654 -422.20631
1411.58748 -2395.28726 -428.51404
1414.21535 -2384.44685 -434.57123
1415.90523 -2373.39931 -439.87682
1416.36492 -2361.71526 -444.30552
1416.09043 -2350.41634 -447.98260
1415.34954 -2340.07281 -450.83436
1415.14118 -2332.32810 -453.23662
1416.07719 -2326.44173 -455.94100
1422.27565 -2318.21429 -464.17940
1426.21696 -2314.34067 -469.16078
1430.44786 -2309.83746 -474.71695
1438.15691 -2297.38055 -486.47777
1438.15691 -2297.38055 -486.47777
1448.36951 -2275.18554 -504.26645
1456.02712 -2258.37422 -517.82539
1456.02712 -2258.37422 -517.82539
1464.06417 -2240.37234 -531.11904
1468.20023 -2231.39716 -537.92800
1475.96095 -2214.68262 -551.14067
1479.04038 -2208.72075 -556.26953
1481.79078 -2204.32948 -560.10143
1483.97411 -2201.85569 -563.00483
1487.09826 -2198.13067 -566.96201
1487.09826 -2198.13067 -566.96201
1487.65296 -2197.01235 -567.91262
1487.52382 -2197.05680 -567.78734
1487.52382 -2197.05680 -567.78734
1487.52382 -2197.05680 -567.78734
1487.52382 -2197.05680 -567.78734
1487.52382 -2197.05680 -567.78734
1487.52382 -2197.05680 -567.78734
1487.52382 -2197.05680 -567.78734
1487.65296 -2197.01235 -567.91262
1487.87731 -2196.40519 -568.28844
1488.48645 -2194.60569 -569.48960
1490.04344 -2187.57796 -573.61628
1491.22093 -2183.86052 -576.01860
1492.73825 -2180.29108 -578.67147
1494.49071 -2176.77319 -581.64858
1496.74210 -2172.81859 -585.05309
1499.18787 -2168.79709 -588.78185
1501.96265 -2164.26488 -592.81275
1504.92100 -2159.00703 -597.21947
1507.94191 -2152.66775 -602.27468
1507.94191 -2152.66775 -602.27468
1511.06352 -2145.36638 -607.43305
1514.21639 -2137.52428 -612.91568
1517.77981 -2129.40836 -618.70044
1525.79425 -2112.60597 -631.34589
1525.79425 -2112.60597 -631.34589
1530.13244 -2104.22331 -637.88233
1534.59976 -2095.79619 -644.54406
1539.00313 -2087.39105 -651.27949
1548.40790 -2070.63984 -665.25149
1548.40790 -2070.63984 -665.25149
1553.39167 -2062.03485 -672.41437
1558.50455 -2053.38540 -679.70254
1563.64185 -2044.59503 -687.18968
1568.93140 -2035.61973 -694.72843
1574.35005 -2026.59996 -702.39247
1585.47551 -2007.93120 -718.02272
1585.47551 -2007.93120 -718.02272
1590.98924 -1998.34865 -725.93736
1602.24363 -1979.63533 -741.69298
1602.24363 -1979.63533 -741.69298
1607.81438 -1970.43055 -749.40869
1618.43241 -1952.59858 -764.21375
1623.05833 -1943.58647 -771.05254
1623.05833 -1943.58647 -771.05254
1626.97059 -1933.76005 -777.51551
1629.78177 -1923.25266 -783.22680
1631.82621 -1912.61172 -788.58436
1634.03923 -1902.04521 -793.79455
1636.18281 -1891.90007 -799.22582
1639.99280 -1871.90648 -809.31458
1639.99280 -1871.90648 -809.31458
1641.94193 -1861.82821 -814.42161
1643.91546 -1851.60902 -819.72762
1647.45593 -1829.98557 -830.61232
1647.45593 -1829.98557 -830.61232
1649.46739 -1818.82577 -836.36789
1651.47881 -1807.66596 -842.12346
1653.49019 -1796.50613 -847.87903
1655.30848 -1785.41275 -853.58302
1658.91923 -1763.36730 -864.51939
1660.85976 -1752.62926 -870.22339
1660.85976 -1752.62926 -870.22339
1662.60591 -1741.95811 -875.60315
1666.26126 -1721.08961 -886.36269
1668.12966 -1710.77380 -891.74246
1670.03882 -1700.57644 -897.12224
1670.03882 -1700.57644 -897.12224
1673.87189 -1679.38156 -908.40505
1675.64901 -1668.16958 -914.10911
1675.64901 -1668.16958 -914.10911
1679.38660 -1645.01990 -925.89309
1679.38660 -1645.01990 -925.89309
1681.49384 -1633.29666 -932.17199
1683.56026 -1621.45495 -938.45090
1687.58826 -1597.67503 -951.08242
1689.48464 -1585.75928 -957.23607
1689.48464 -1585.75928 -957.23607
1691.48697 -1573.93951 -963.58870
1695.13010 -1551.35191 -975.39488
1695.13010 -1551.35191 -975.39488
1696.38376 -1543.23498 -979.72086
1697.44877 -1537.30306 -982.82349
1698.15652 -1533.48173 -984.85016
1698.48779 -1530.45255 -986.44937
1698.87621 -1527.80121 -987.84960
1699.36935 -1525.24632 -989.17615
1700.20725 -1518.86256 -992.35248
1700.20725 -1518.86256 -992.35248
1702.01787 -1508.16868 -997.93133
1702.96849 -1501.48108 -1001.43193
1704.18411 -1494.30470 -1005.30839
1704.18411 -1494.30470 -1005.30839
1706.87742 -1478.40409 -1013.88671
1708.35512 -1469.67986 -1018.58858
1709.75795 -1460.31885 -1023.41575
1712.97246 -1440.26345 -1034.09447
1714.80049 -1429.82841 -1039.74705
1718.64790 -1407.83233 -1051.82605
1720.47293 -1396.33819 -1057.92821
1724.25875 -1372.90556 -1070.38311
1726.17873 -1360.84860 -1076.73586
1730.30958 -1337.16446 -1089.29400
1732.14110 -1325.27039 -1095.52149
1735.99034 -1301.81556 -1107.90278
1737.90205 -1290.15881 -1113.85762
1739.91972 -1278.59805 -1120.01144
1742.06647 -1266.99280 -1126.29056
1745.83369 -1243.30091 -1138.67192
1747.92184 -1231.31822 -1144.87737
1752.04882 -1206.57466 -1157.88523
1754.19236 -1193.91023 -1164.61395
1756.69208 -1181.65315 -1171.39428
1759.34153 -1170.66961 -1177.92404
1761.71127 -1160.97500 -1183.55468
1764.89506 -1145.03685 -1192.43546
1766.37111 -1138.83034 -1196.11307
1768.40740 -1133.62349 -1199.84229
1775.79052 -1127.37015 -1208.92952
1780.72561 -1126.59798 -1213.71268
1785.87142 -1126.01828 -1218.62115
1797.20042 -1120.52610 -1231.03970
1810.77560 -1112.53757 -1246.28841
1818.18226 -1108.66135 -1254.55028
1825.76011 -1104.85869 -1263.21013
1833.57848 -1100.70815 -1272.04690
1841.52722 -1096.51270 -1281.28164
1849.73417 -1092.22831 -1290.76698
1858.11101 -1088.01792 -1300.37763
1866.14002 -1084.05984 -1309.33976
1878.62603 -1076.04878 -1324.05801
1883.30591 -1071.38896 -1329.91734
1887.12949 -1066.75903 -1335.02490
1891.07847 -1063.54361 -1339.68290
1901.25216 -1064.14758 -1348.32830
1906.50916 -1068.30029 -1351.51230
1912.40131 -1074.08953 -1354.62263
1926.80377 -1087.81424 -1362.74481
1934.89564 -1096.42393 -1367.05649
1942.83399 -1105.21904 -1371.04391
1950.77231 -1114.01419 -1375.03133
1967.31387 -1132.70075 -1382.98411
1975.95916 -1142.71020 -1387.22214
1984.46316 -1153.56347 -1391.35694
1993.04201 -1165.05358 -1395.36646
2010.11263 -1189.65413 -1403.77597
2018.58670 -1202.50561 -1408.10229
2035.81233 -1229.43831 -1416.35698
2044.39523 -1243.44508 -1420.43272
2053.04200 -1257.42988 -1424.43477
2061.49568 -1271.48120 -1428.38521
2077.88643 -1299.76183 -1435.78491
2085.52321 -1313.96201 -1438.71090
2099.85457 -1342.55437 -1444.23113
2106.11974 -1356.96187 -1446.17681
2111.48106 -1371.68062 -1447.24539
2116.09077 -1386.52565 -1447.48850
2120.16631 -1401.28957 -1447.15674
2123.77287 -1415.94993 -1446.44908
2130.42606 -1445.33090 -1443.98724
2133.36249 -1460.35447 -1442.45411
2136.23367 -1475.40050 -1440.72200
2142.42040 -1505.73707 -1437.43469
2145.18544 -1520.68708 -1435.50361
2147.86884 -1535.40015 -1433.57252
2150.49374 -1549.73579 -1431.56775
2155.05415 -1577.45174 -1427.38130
2160.03709 -1604.09454 -1423.47501
2162.80438 -1617.58600 -1421.84614
2165.79870 -1631.52934 -1420.14358
2172.33379 -1661.21560 -1416.53950
2175.51286 -1676.95050 -1414.73372
2181.75966 -1709.78374 -1410.07565
2185.11002 -1726.65225 -1407.67293
2188.33796 -1743.16534 -1405.27022
2191.29799 -1759.10807 -1402.94119
2197.13898 -1789.29804 -1398.58534
2199.93161 -1803.70819 -1396.43322
2202.55429 -1818.04432 -1394.15580
2208.04011 -1846.36874 -1389.77789
2210.66264 -1860.70488 -1387.50048
2213.41975 -1874.59714 -1385.20100
2216.05574 -1888.13354 -1383.17419
2218.59250 -1901.17405 -1381.07369
2223.52993 -1925.18169 -1377.37388
2226.02852 -1936.64517 -1375.57559
2228.67257 -1948.32361 -1373.70362
2231.71352 -1960.52797 -1371.88326
2235.17578 -1973.11737 -1370.31350
2241.75636 -1999.60710 -1366.34851
2244.81627 -2013.13001 -1363.87960
2248.00525 -2026.60849 -1361.53598
2254.48099 -2054.06180 -1356.64978
2257.81531 -2067.75524 -1354.23249
2261.08566 -2081.47070 -1351.88887
2264.16164 -2095.25303 -1349.22099
2267.49582 -2108.94650 -1346.80369
2273.59043 -2136.13333 -1341.66690
2276.76138 -2149.35291 -1339.24961
2279.78682 -2162.35754 -1336.90600
2285.92321 -2187.14479 -1332.79365
2288.93502 -2198.43151 -1330.95123
2291.50641 -2208.01467 -1329.50676
2293.36836 -2215.32434 -1328.26127
2295.59310 -2225.15930 -1326.44092
2295.91244 -2226.50698 -1326.31562
2295.91244 -2226.50698 -1326.31562
2296.01159 -2227.00289 -1326.38930
2299.20964 -2232.52772 -1326.97164
2302.42402 -2234.73428 -1329.10167
2306.31129 -2235.11922 -1332.35935
2310.57372 -2233.65248 -1336.76678
2320.44296 -2229.59386 -1346.81254
2320.44296 -2229.59386 -1346.81254
2342.52182 -2223.45392 -1368.20870
2352.37325 -2221.65406 -1377.42907
2363.04699 -2219.30623 -1387.52654
2373.46928 -2216.64740 -1397.49874
2384.15661 -2213.49985 -1407.84685
2407.85543 -2206.40499 -1430.79854
2420.54473 -2202.56856 -1443.22521
2433.42705 -2198.66571 -1455.70353
2458.84499 -2191.11183 -1480.28440
2471.63886 -2187.37194 -1492.63754
2484.09291 -2183.48396 -1504.74011
2507.69891 -2175.49350 -1527.74397
2518.81010 -2171.27254 -1538.64525
2529.43599 -2166.68851 -1549.36963
2539.55219 -2161.88232 -1559.71814
2558.26911 -2150.80370 -1579.53810
2566.82224 -2144.81265 -1588.88425
2574.75973 -2138.50339 -1597.65552
2588.94777 -2125.80271 -1614.16613
2588.94777 -2125.80271 -1614.16613
2599.48092 -2114.22716 -1627.44092
2604.58020 -2108.89448 -1634.00089
2610.41063 -2104.63536 -1641.01046
2617.19921 -2101.90176 -1648.39596
2624.70533 -2101.04152 -1655.98046
2640.50050 -2107.26773 -1669.04886
2646.89082 -2114.07995 -1673.10276
2655.55753 -2130.44524 -1676.27952
2657.82437 -2139.33899 -1675.72666
2657.22732 -2156.90419 -1670.23524
2654.48854 -2164.47244 -1665.59891
2650.35667 -2170.92983 -1660.08545
2645.07359 -2175.92811 -1654.14445
2638.71004 -2179.04538 -1647.82755
2624.45006 -2178.51901 -1635.74662
2617.15969 -2174.53433 -1630.88178
2610.58970 -2168.44657 -1627.26999
2604.74009 -2160.25572 -1624.91125
2598.61992 -2150.43528 -1623.07579
2591.73462 -2139.02292 -1620.91604
2584.79090 -2127.23314 -1618.68261
2577.73038 -2114.68847 -1616.30183
2569.46923 -2101.36434 -1614.33355
2560.71625 -2086.61929 -1611.81995
2551.40320 -2070.87436 -1609.25473
2541.14700 -2053.86384 -1605.84195
2530.00855 -2035.96433 -1602.20062
2518.56142 -2017.37599 -1598.63298
2507.08023 -1998.26937 -1595.19064
2495.46024 -1978.54798 -1591.94730
2483.57109 -1958.25670 -1588.50497
2471.41401 -1937.39509 -1585.13633
2458.92382 -1915.98561 -1581.64239
2446.14128 -1894.14673 -1578.02315
2433.39940 -1872.42644 -1574.40392
2420.65740 -1850.70625 -1570.78469
2408.04440 -1828.94172 -1567.29078
2395.49521 -1807.15528 -1563.72318
2383.05061 -1785.46542 -1560.08191
2370.67109 -1763.75321 -1556.63963
2358.41253 -1742.39698 -1552.92469
2346.27622 -1721.39627 -1549.20975
2334.17932 -1700.51456 -1545.22216
2322.44526 -1679.64053 -1541.41149
2310.79265 -1659.00354 -1537.60083
2299.54368 -1638.49268 -1533.96709
2288.33538 -1618.10038 -1530.33335
2277.19090 -1597.68615 -1526.62594
2265.87642 -1577.19798 -1522.79323
2243.47845 -1536.27477 -1514.63412
2232.62457 -1516.29074 -1510.77936
2221.76385 -1496.70668 -1506.79930
2200.71499 -1458.23472 -1499.21509
2190.31617 -1439.15434 -1495.48565
2179.89286 -1420.21494 -1491.55722
2159.33951 -1382.76536 -1484.09833
2148.89280 -1363.96666 -1480.24360
2138.53431 -1345.00509 -1476.51416
2117.31281 -1306.46069 -1468.53204
2106.42665 -1287.01835 -1464.35304
2095.49960 -1267.45761 -1460.17403
2072.85413 -1228.34375 -1451.26323
2061.66856 -1208.87217 -1446.83364
2050.33066 -1189.58562 -1442.35243
2039.05659 -1170.27714 -1437.79756
2039.05659 -1170.27714 -1437.79756
2004.14496 -1112.32961 -1423.60220
1980.16057 -1073.94271 -1413.58584
1967.81350 -1054.87157 -1408.30127
1943.00765 -1017.03299 -1397.68053
1930.82351 -998.43599 -1392.39598
1918.80251 -980.31295 -1387.11143
1907.03295 -962.50092 -1381.95219
1883.78354 -928.76505 -1371.45681
1872.41639 -912.53734 -1366.44496
1861.21241 -896.78357 -1361.43310
1839.69772 -866.82376 -1351.58633
1829.15317 -852.56575 -1346.69979
1808.51284 -825.35301 -1336.92674
1798.33543 -812.16135 -1332.04022
1788.35101 -798.90324 -1327.20531
1778.23075 -786.08954 -1322.11983
1757.96286 -761.00177 -1312.44259
1747.91869 -748.82459 -1307.50449
1728.35644 -724.95170 -1297.80522
1718.77444 -713.27801 -1293.11772
1709.42624 -701.65633 -1288.48185
1699.94223 -690.47904 -1283.59539
1680.69715 -669.41272 -1273.46869
1671.13579 -659.05732 -1268.40534
1661.52691 -648.98337 -1263.21672
1652.04045 -639.26484 -1258.02810
1643.10456 -629.88673 -1253.21536
1634.65405 -620.87150 -1248.57953
1626.39781 -611.78935 -1244.26798
1610.38839 -594.24693 -1235.89547
1603.07979 -586.03102 -1232.01142
1592.54296 -573.89169 -1226.77123
1588.93279 -569.70230 -1224.89186
1586.29471 -566.23811 -1223.63894
1583.50041 -559.38221 -1223.53572
1583.45686 -555.68661 -1225.00970
1584.25452 -547.72549 -1228.48834
1584.85396 -543.80833 -1230.04345
1585.29580 -540.47555 -1231.69433
1586.61224 -538.43166 -1233.17575
1589.76814 -537.74175 -1235.98379
1591.03927 -538.49643 -1236.86083
1591.88226 -539.26613 -1237.36200
1592.17464 -539.69547 -1237.48729
1592.17464 -539.69547 -1237.48729
1592.30375 -539.65098 -1237.61258
1592.30375 -539.65098 -1237.61258
1592.36767 -539.62895 -1237.53890
1592.30375 -539.65098 -1237.61258
1592.36767 -539.62895 -1237.53890
1592.36767 -539.62895 -1237.53890
1592.36767 -539.62895 -1237.53890
0.00000 0.00000 0.00000
