-3.596949740000000020e+02 2.763203989999999976e+03
-3.599122389999999996e+02 2.762996369999999843e+03
-3.606701489999999808e+02 2.762469390000000203e+03
-3.622894539999999779e+02 2.761512209999999868e+03
-3.663102680000000078e+02 2.758929920000000038e+03
-3.700486179999999763e+02 2.756577789999999823e+03
-3.736631300000000238e+02 2.755328759999999875e+03
-3.759394849999999906e+02 2.754807209999999941e+03
-3.917368339999999876e+02 2.747625280000000203e+03
-3.944195139999999924e+02 2.745770489999999882e+03
-4.048268689999999879e+02 2.738463090000000193e+03
-4.070584020000000010e+02 2.736764209999999821e+03
-4.096938309999999888e+02 2.735190830000000005e+03
-4.144137690000000021e+02 2.731704299999999876e+03
-4.158246100000000069e+02 2.729096190000000206e+03
-4.156415259999999989e+02 2.725846050000000105e+03
-4.146416649999999890e+02 2.722745620000000145e+03
-4.134770389999999907e+02 2.720629870000000210e+03
-4.127342489999999771e+02 2.718898509999999987e+03
-4.121844370000000026e+02 2.717100449999999910e+03
-4.139171969999999874e+02 2.711862929999999778e+03
-4.158432999999999993e+02 2.710534680000000208e+03
-4.182448580000000220e+02 2.708909599999999955e+03
-4.209927799999999820e+02 2.707032290000000103e+03
-4.309491170000000011e+02 2.699880860000000212e+03
-4.427434309999999869e+02 2.691564190000000053e+03
-4.470059289999999805e+02 2.688633400000000165e+03
-4.511586030000000278e+02 2.686005630000000110e+03
-4.555924410000000080e+02 2.683148169999999936e+03
-4.600249640000000113e+02 2.680291169999999966e+03
-4.642901350000000207e+02 2.677359460000000126e+03
-4.688747369999999819e+02 2.674317379999999957e+03
-4.732024829999999724e+02 2.671364059999999881e+03
-4.771429549999999722e+02 2.668544570000000022e+03
-4.830555299999999761e+02 2.664115890000000036e+03
-4.904378070000000207e+02 2.658516700000000128e+03
-5.050749139999999784e+02 2.647760000000000218e+03
-5.062404740000000061e+02 2.646959649999999783e+03
-5.068027989999999932e+02 2.646500270000000000e+03
-5.071491710000000239e+02 2.646248050000000148e+03
-5.074303340000000162e+02 2.646018369999999777e+03
-5.075824010000000044e+02 2.645833290000000034e+03
-5.079926580000000058e+02 2.645558989999999994e+03
-5.089435930000000212e+02 2.644965340000000197e+03
-5.106052109999999971e+02 2.644126110000000153e+03
-5.126132029999999986e+02 2.643034659999999803e+03
-5.149419430000000375e+02 2.641832379999999830e+03
-5.171838269999999511e+02 2.640792640000000119e+03
-5.191675229999999601e+02 2.639842119999999795e+03
-5.211741929999999456e+02 2.638751130000000103e+03
-5.228115159999999833e+02 2.638052830000000085e+03
-5.246354569999999740e+02 2.637687640000000101e+03
-5.263009680000000117e+02 2.637907319999999800e+03
-5.278962320000000545e+02 2.638548870000000079e+03
-5.317043119999999590e+02 2.642666799999999967e+03
-5.326004669999999805e+02 2.644212579999999889e+03
-5.332038840000000164e+02 2.645329389999999876e+03
-5.338123349999999618e+02 2.646046859999999924e+03
-5.340641640000000052e+02 2.646357430000000022e+03
-5.341280480000000352e+02 2.646335360000000037e+03
-5.340641640000000052e+02 2.646357430000000022e+03
-5.340182180000000471e+02 2.646638370000000123e+03
-5.339300339999999778e+02 2.646801379999999881e+03
-5.338661499999999478e+02 2.646823449999999866e+03
-5.339070609999999988e+02 2.646941850000000159e+03
-5.339249999999999545e+02 2.647200710000000072e+03
-5.340936789999999519e+02 2.647274960000000192e+03
-5.341984740000000329e+02 2.647371279999999842e+03
-5.348069249999999784e+02 2.648088749999999891e+03
-5.361478899999999612e+02 2.649878420000000006e+03
-5.390252739999999676e+02 2.651932369999999992e+03
-5.508687159999999494e+02 2.648369990000000143e+03
-5.632342439999999897e+02 2.634819939999999860e+03
-5.674621700000000146e+02 2.629913199999999961e+03
-5.716734979999999950e+02 2.624747139999999945e+03
-5.760382359999999835e+02 2.619395550000000185e+03
-5.803377739999999676e+02 2.614066510000000108e+03
-5.845977440000000342e+02 2.608618609999999990e+03
-5.955715740000000551e+02 2.593959299999999985e+03
-5.980217249999999467e+02 2.590594630000000052e+03
-5.997727459999999837e+02 2.588134180000000015e+03
-6.008246329999999489e+02 2.586577949999999873e+03
-6.015467419999999947e+02 2.585533260000000155e+03
-6.018994950000000017e+02 2.584881260000000111e+03
-6.019876829999999472e+02 2.584718260000000100e+03
-6.021154490000000123e+02 2.584674109999999928e+03
-6.021793320000000449e+02 2.584652030000000195e+03
-6.022023050000000239e+02 2.584511570000000120e+03
-6.023300709999999754e+02 2.584467419999999947e+03
-6.023939540000000079e+02 2.584445340000000215e+03
-6.025460249999999860e+02 2.584260270000000219e+03
-6.024169269999999869e+02 2.584304880000000139e+03
-6.022891620000000330e+02 2.584349029999999857e+03
-6.022252790000000005e+02 2.584371099999999842e+03
-6.021613959999999679e+02 2.584393169999999827e+03
-6.024745709999999690e+02 2.583622319999999945e+03
-6.039201239999999871e+02 2.581532479999999850e+03
-6.059829979999999523e+02 2.578301640000000134e+03
-6.086568270000000211e+02 2.574329580000000078e+03
-6.114252229999999599e+02 2.569794739999999820e+03
-6.143866070000000263e+02 2.565193220000000110e+03
-6.172495800000000372e+02 2.560095609999999851e+03
-6.203119169999999940e+02 2.554531530000000203e+03
-6.232349390000000540e+02 2.548352960000000166e+03
-6.264698290000000043e+02 2.541404010000000198e+03
-6.301559150000000500e+02 2.534299169999999776e+03
-6.339545190000000048e+02 2.526890420000000177e+03
-6.381468180000000530e+02 2.518948069999999916e+03
-6.425564309999999750e+02 2.510798130000000128e+03
-6.468369679999999562e+02 2.502692799999999806e+03
-6.510766220000000430e+02 2.494469099999999798e+03
-6.547474419999999782e+02 2.485646819999999934e+03
-6.580437490000000480e+02 2.476158800000000156e+03
-6.626731509999999616e+02 2.467402930000000197e+03
-6.668195459999999457e+02 2.458283870000000206e+03
-6.711295900000000074e+02 2.449638379999999870e+03
-6.746063249999999698e+02 2.442341030000000046e+03
-6.774349999999999454e+02 2.436725359999999910e+03
-6.793753289999999652e+02 2.433139439999999922e+03
-6.805627940000000535e+02 2.431138879999999972e+03
-6.812210780000000341e+02 2.430116300000000138e+03
-6.816147710000000188e+02 2.429582710000000134e+03
-6.817847779999999602e+02 2.429656489999999849e+03
-6.818499980000000278e+02 2.429633960000000116e+03
-6.818909029999999802e+02 2.429752350000000206e+03
-6.820852250000000367e+02 2.429685210000000097e+03
-6.826080200000000104e+02 2.429107010000000173e+03
-6.837136789999999564e+02 2.426869670000000042e+03
-6.857422189999999773e+02 2.423120759999999791e+03
-6.880008410000000367e+02 2.418364700000000084e+03
-6.904767709999999852e+02 2.413401040000000194e+03
-6.931354969999999867e+02 2.407711620000000039e+03
-6.962825219999999717e+02 2.400925850000000082e+03
-6.999178540000000339e+02 2.393043720000000121e+03
-7.040989899999999579e+02 2.384442950000000110e+03
-7.083683509999999615e+02 2.375679189999999835e+03
-7.126620570000000043e+02 2.366774530000000141e+03
-7.168330829999999878e+02 2.357514720000000125e+03
-7.214387490000000298e+02 2.347839719999999943e+03
-7.263333760000000439e+02 2.337534839999999804e+03
-7.311219129999999495e+02 2.327134120000000166e+03
-7.356931789999999864e+02 2.316941020000000208e+03
-7.401289719999999761e+02 2.307192309999999907e+03
-7.444292890000000398e+02 2.297887990000000173e+03
-7.485941259999999602e+02 2.289028060000000096e+03
-7.525173529999999573e+02 2.280516659999999774e+03
-7.564341990000000351e+02 2.272405040000000099e+03
-7.600468919999999571e+02 2.264663550000000214e+03
-7.634179669999999760e+02 2.257270590000000084e+03
-7.667174250000000484e+02 2.250299939999999879e+03
-7.696474970000000440e+02 2.243721950000000106e+03
-7.723065490000000182e+02 2.238032709999999952e+03
-7.740605490000000373e+02 2.234113829999999780e+03
-7.750845590000000129e+02 2.231639790000000175e+03
-7.756138099999999440e+02 2.230661849999999959e+03
-7.755729109999999764e+02 2.230543459999999868e+03
-7.756776899999999841e+02 2.230639779999999973e+03
-7.756533620000000155e+02 2.230780699999999797e+03
-7.755651530000000093e+02 2.230943690000000061e+03
-7.756699320000000171e+02 2.231040010000000166e+03
-7.756456040000000485e+02 2.231180940000000192e+03
-7.755573960000000397e+02 2.231343930000000000e+03
-7.755100869999999986e+02 2.231625300000000152e+03
-7.755509859999999662e+02 2.231743689999999788e+03
-7.754871050000000423e+02 2.231765759999999773e+03
-7.754641239999999698e+02 2.231906219999999848e+03
-7.753772629999999708e+02 2.232068740000000162e+03
-7.753542820000000120e+02 2.232209199999999782e+03
-7.752904019999999718e+02 2.232231270000000222e+03
-7.752265220000000454e+02 2.232253330000000005e+03
-7.752674210000000130e+02 2.232371720000000096e+03
-7.752035399999999754e+02 2.232393790000000081e+03
-7.751396600000000490e+02 2.232415860000000066e+03
-7.749480200000000423e+02 2.232482059999999819e+03
-7.749889190000000099e+02 2.232600449999999910e+03
-7.750541459999999461e+02 2.232577920000000177e+03
-7.749902660000000196e+02 2.232599990000000162e+03
-7.752792190000000119e+02 2.231970089999999800e+03
-7.761038340000000062e+02 2.229962500000000091e+03
-7.776341179999999440e+02 2.226650979999999890e+03
-7.796936600000000226e+02 2.222361519999999928e+03
-7.819935070000000223e+02 2.217724029999999857e+03
-7.844058999999999742e+02 2.212782619999999952e+03
-7.875341359999999895e+02 2.207196379999999863e+03
-7.912977700000000141e+02 2.200728059999999914e+03
-7.952327539999999999e+02 2.192875399999999900e+03
-7.993979120000000194e+02 2.184015640000000076e+03
-8.035221980000000030e+02 2.175037499999999909e+03
-8.077577069999999821e+02 2.165755940000000010e+03
-8.121057899999999563e+02 2.156170489999999972e+03
-8.165255540000000565e+02 2.146162749999999960e+03
-8.211383409999999685e+02 2.136088369999999941e+03
-8.257511630000000196e+02 2.126014009999999871e+03
-8.304931299999999510e+02 2.115895059999999830e+03
-8.350242289999999912e+02 2.105583959999999934e+03
-8.398544819999999618e+02 2.095302059999999983e+03
-8.447320919999999660e+02 2.084738820000000032e+03
-8.497861749999999574e+02 2.073849619999999959e+03
-8.550332889999999679e+02 2.062893779999999879e+03
-8.600465580000000045e+02 2.051886239999999816e+03
-8.650355279999999993e+02 2.041019639999999981e+03
-8.698558870000000525e+02 2.030078809999999976e+03
-8.748219500000000153e+02 2.019352699999999913e+03
-8.798762729999999692e+02 2.008463629999999966e+03
-8.849306370000000470e+02 1.997574579999999969e+03
-8.900093839999999545e+02 1.986544640000000072e+03
-8.951111600000000408e+02 1.975374270000000024e+03
-9.002768559999999525e+02 1.964181859999999915e+03
-9.052266130000000430e+02 1.953196580000000040e+03
-9.099590709999999945e+02 1.942418899999999894e+03
-9.145560080000000198e+02 1.932085589999999911e+03
-9.186070829999999887e+02 1.922470870000000104e+03
-9.222809349999999995e+02 1.913649020000000064e+03
-9.255954580000000078e+02 1.905878840000000082e+03
-9.284688650000000507e+02 1.898923569999999927e+03
-9.311593830000000480e+02 1.892694019999999909e+03
-9.332323199999999588e+02 1.887605330000000095e+03
-9.348742120000000568e+02 1.883990590000000111e+03
-9.359150489999999536e+02 1.881776010000000042e+03
-9.362270730000000185e+02 1.881005709999999908e+03
-9.361861850000000231e+02 1.880887330000000020e+03
-9.362270730000000185e+02 1.881005709999999908e+03
-9.364738579999999502e+02 1.880257939999999962e+03
-9.373396030000000110e+02 1.878368850000000066e+03
-9.387168209999999817e+02 1.875243050000000039e+03
-9.405659889999999450e+02 1.870761700000000019e+03
-9.426224260000000186e+02 1.865413729999999987e+03
-9.448309789999999566e+02 1.859880730000000085e+03
-9.474333490000000211e+02 1.853814190000000053e+03
-9.506124549999999545e+02 1.846488440000000082e+03
-9.611755930000000490e+02 1.822036900000000060e+03
-9.647794049999999970e+02 1.813636999999999944e+03
-9.682950090000000500e+02 1.805400079999999889e+03
-9.715932840000000397e+02 1.797370760000000018e+03
-9.751368979999999738e+02 1.790051729999999907e+03
-9.787149540000000343e+02 1.783250839999999926e+03
-9.823095560000000432e+02 1.776709250000000111e+03
-9.852355820000000222e+02 1.770531079999999974e+03
-9.875439770000000408e+02 1.765493760000000066e+03
-9.890568990000000440e+02 1.761923690000000079e+03
-9.900174230000000080e+02 1.759471919999999955e+03
-9.907297690000000330e+02 1.757768379999999979e+03
-9.912182950000000119e+02 1.756672139999999899e+03
-9.917054550000000290e+02 1.755576379999999972e+03
-9.924178040000000465e+02 1.753872830000000022e+03
-9.935548049999999876e+02 1.751095119999999952e+03
-9.948747459999999592e+02 1.747591709999999921e+03
-9.968123440000000528e+02 1.742947480000000041e+03
-1.012528569999999945e+03 1.714596999999999980e+03
-1.017413180000000011e+03 1.707610040000000026e+03
-1.022626399999999990e+03 1.700112100000000055e+03
-1.027587880000000041e+03 1.692303630000000112e+03
-1.032433199999999943e+03 1.683740299999999934e+03
-1.037168840000000046e+03 1.674022369999999910e+03
-1.041999240000000100e+03 1.663741760000000113e+03
-1.046813149999999951e+03 1.653201870000000099e+03
-1.051779209999999921e+03 1.642476969999999937e+03
-1.056856559999999945e+03 1.631448679999999968e+03
-1.061951819999999998e+03 1.620679229999999961e+03
-1.067217139999999972e+03 1.609983600000000024e+03
-1.072781619999999975e+03 1.599317180000000008e+03
-1.078305260000000089e+03 1.588532400000000052e+03
-1.084005429999999933e+03 1.577421700000000101e+03
-1.089882129999999961e+03 1.565985089999999900e+03
-1.107646760000000086e+03 1.531231569999999920e+03
-1.113394510000000082e+03 1.519839649999999892e+03
-1.119031070000000000e+03 1.508751160000000027e+03
-1.124562920000000076e+03 1.497566370000000006e+03
-1.130135680000000093e+03 1.486499980000000050e+03
-1.135667619999999943e+03 1.475315239999999903e+03
-1.141416969999999992e+03 1.463922960000000103e+03
-1.147213749999999891e+03 1.452249369999999999e+03
-1.153098829999999907e+03 1.440412829999999985e+03
-1.158830449999999928e+03 1.428761819999999943e+03
-1.164709119999999984e+03 1.417325059999999894e+03
-1.170458699999999908e+03 1.405932909999999993e+03
-1.176249209999999948e+03 1.394659159999999929e+03
-1.181958010000000058e+03 1.383148680000000013e+03
-1.187415099999999939e+03 1.371327690000000075e+03
-1.192872239999999920e+03 1.359506720000000087e+03
-1.210015689999999950e+03 1.325234860000000026e+03
-1.215466499999999996e+03 1.313813709999999901e+03
-1.221005619999999908e+03 1.302229610000000093e+03
-1.226649519999999939e+03 1.290741870000000063e+03
-1.232252600000000029e+03 1.279135770000000093e+03
-1.237808340000000044e+03 1.267811030000000073e+03
-1.243316720000000032e+03 1.256767650000000003e+03
-1.248632139999999936e+03 1.245790929999999889e+03
-1.253851419999999962e+03 1.235377379999999903e+03
-1.264041449999999941e+03 1.216755940000000010e+03
-1.265334520000000111e+03 1.214852169999999887e+03
-1.265993249999999989e+03 1.213829829999999902e+03
-1.266539320000000089e+03 1.213111360000000104e+03
-1.267021529999999984e+03 1.212414939999999888e+03
-1.267856790000000046e+03 1.211066690000000108e+03
-1.269638599999999997e+03 1.208066800000000057e+03
-1.271804399999999987e+03 1.203874459999999999e+03
-1.274434539999999970e+03 1.198726910000000089e+03
-1.277023830000000089e+03 1.193461000000000013e+03
-1.279877930000000106e+03 1.187706210000000056e+03
-1.282805229999999938e+03 1.181528720000000021e+03
-1.285673800000000028e+03 1.174974060000000009e+03
-1.289231299999999919e+03 1.167916600000000017e+03
-1.291821760000000040e+03 1.160133160000000089e+03
-1.295189419999999927e+03 1.151683970000000045e+03
-1.303739710000000059e+03 1.134159040000000005e+03
-1.308207200000000057e+03 1.125330210000000079e+03
-1.312715590000000020e+03 1.116619760000000042e+03
-1.321590230000000020e+03 1.100042889999999943e+03
-1.325449839999999995e+03 1.093013770000000022e+03
-1.328715950000000021e+03 1.086984439999999950e+03
-1.331405029999999897e+03 1.082214169999999967e+03
-1.336304139999999961e+03 1.071911679999999933e+03
-1.336990500000000111e+03 1.069290099999999939e+03
-1.337475910000000113e+03 1.067135330000000067e+03
-1.337838719999999967e+03 1.064625450000000001e+03
-1.338237640000000056e+03 1.061175750000000107e+03
-1.338093620000000101e+03 1.056986139999999978e+03
-1.337580420000000004e+03 1.051731669999999895e+03
-1.336522899999999936e+03 1.045737759999999980e+03
-1.335261070000000018e+03 1.039152000000000044e+03
-1.333484079999999949e+03 1.032744079999999940e+03
-1.331429570000000012e+03 1.026167009999999891e+03
-1.328695050000000037e+03 1.019294769999999971e+03
-1.320531790000000001e+03 1.004228240000000028e+03
-1.315573599999999942e+03 9.961364509999999655e+02
-1.302296779999999899e+03 9.721043539999999439e+02
-1.299313419999999951e+03 9.649205610000000206e+02
-1.297584820000000036e+03 9.571711500000000115e+02
-1.298111310000000003e+03 9.486432929999999715e+02
-1.300389030000000048e+03 9.401733239999999796e+02
-1.302904839999999922e+03 9.317536639999999579e+02
-1.305590670000000046e+03 9.234078070000000480e+02
-1.308254920000000084e+03 9.152018990000000258e+02
-1.311095749999999953e+03 9.066700990000000502e+02
-1.325068520000000035e+03 8.707150360000000546e+02
-1.329201880000000074e+03 8.613397629999999481e+02
-1.332534079999999904e+03 8.513137299999999641e+02
-1.335573730000000069e+03 8.408588029999999662e+02
-1.340811459999999897e+03 8.076544770000000426e+02
-1.341320449999999937e+03 7.963509850000000370e+02
-1.341589040000000068e+03 7.853954420000000027e+02
-1.341762789999999995e+03 7.750025429999999460e+02
-1.341930000000000064e+03 7.650093409999999494e+02
-1.342324530000000095e+03 7.554675849999999855e+02
-1.342670249999999896e+03 7.462076369999999770e+02
-1.343178000000000111e+03 7.374216659999999592e+02
-1.343405880000000025e+03 7.288647809999999936e+02
-1.343633769999999913e+03 7.203079010000000153e+02
-1.344036859999999933e+03 7.114256199999999808e+02
-1.344487419999999929e+03 7.022620299999999816e+02
-1.344962410000000091e+03 6.929575449999999819e+02
-1.345419589999999971e+03 6.833942809999999781e+02
-1.346011130000000094e+03 6.733872489999999971e+02
-1.346627109999999902e+03 6.632393250000000080e+02
-1.347425189999999930e+03 6.318332960000000185e+02
-1.347895710000000008e+03 6.214707059999999501e+02
-1.348173240000000078e+03 6.111747380000000476e+02
-1.348579950000000053e+03 6.008342069999999921e+02
-1.348986679999999978e+03 5.904936830000000327e+02
-1.349876479999999901e+03 5.589239029999999957e+02
-1.349893510000000106e+03 5.491153460000000450e+02
-1.350853039999999964e+03 5.261321309999999585e+02
-1.351581410000000005e+03 5.196547779999999648e+02
-1.352832990000000109e+03 5.125994719999999916e+02
-1.354655250000000024e+03 5.046849040000000173e+02
-1.356732619999999997e+03 4.956225749999999834e+02
-1.361164160000000038e+03 4.762102570000000128e+02
-1.364880540000000110e+03 4.624759339999999952e+02
-1.366238149999999905e+03 4.580334569999999985e+02
-1.367670849999999973e+03 4.542274039999999786e+02
-1.368909120000000030e+03 4.504884480000000053e+02
-1.371069880000000012e+03 4.452389699999999948e+02
-1.371469149999999900e+03 4.443063960000000066e+02
-1.373784910000000082e+03 4.437722120000000245e+02
-1.374208609999999908e+03 4.426987409999999841e+02
-1.374511179999999968e+03 4.412696720000000141e+02
-1.374877629999999954e+03 4.398185629999999833e+02
-1.375244069999999965e+03 4.383674550000000067e+02
-1.375651360000000068e+03 4.370347170000000006e+02
-1.376081680000000006e+03 4.355615690000000200e+02
-1.376407279999999901e+03 4.339920910000000163e+02
-1.376862030000000004e+03 4.323780459999999835e+02
-1.379196490000000040e+03 4.232271640000000161e+02
-1.380096209999999928e+03 4.193401339999999777e+02
-1.381188949999999977e+03 4.153864990000000148e+02
-1.383530070000000023e+03 4.058359609999999975e+02
-1.384842319999999972e+03 4.002170189999999934e+02
-1.392862640000000056e+03 3.656580809999999815e+02
-1.396407240000000002e+03 3.468173370000000091e+02
-1.398578549999999950e+03 3.371930810000000065e+02
-1.400950959999999895e+03 3.271020720000000210e+02
-1.403475570000000062e+03 3.168261029999999892e+02
-1.405766350000000102e+03 3.064983819999999923e+02
-1.408227159999999913e+03 2.962444800000000100e+02
-1.410583290000000034e+03 2.858942599999999743e+02
-1.436301999999999907e+03 2.052268109999999979e+02
-1.441670990000000074e+03 1.899960059999999942e+02
-1.442614929999999958e+03 1.872860650000000078e+02
-1.443311729999999898e+03 1.853236899999999991e+02
-1.444113229999999930e+03 1.834576480000000060e+02
-1.444880540000000110e+03 1.810735699999999895e+02
-1.446089449999999943e+03 1.778748420000000010e+02
-1.447771050000000059e+03 1.733209029999999871e+02
-1.449811149999999998e+03 1.677160700000000020e+02
-1.452212610000000041e+03 1.610593670000000088e+02
-1.454815170000000080e+03 1.539359179999999867e+02
-1.464885379999999941e+03 1.288710030000000017e+02
-1.468412080000000060e+03 1.202366719999999987e+02
-1.471710160000000087e+03 1.111514090000000010e+02
-1.474928020000000060e+03 1.018289340000000038e+02
-1.483764030000000048e+03 7.652790229999999383e+01
-1.489423990000000003e+03 6.318407380000000018e+01
-1.491471119999999928e+03 6.115327390000000207e+01
-1.494194660000000113e+03 6.087594450000000279e+01
-1.497442420000000084e+03 6.253704340000000172e+01
-1.500504709999999932e+03 6.638140180000000612e+01
-1.511326729999999998e+03 8.370817449999999837e+01
-1.515514670000000024e+03 9.060799790000000087e+01
-1.520229000000000042e+03 9.798848370000000330e+01
-1.524745079999999916e+03 1.058347210000000018e+02
-1.529809169999999995e+03 1.140217059999999947e+02
-1.534722510000000057e+03 1.223931479999999965e+02
-1.539361159999999927e+03 1.305944399999999916e+02
-1.543094980000000078e+03 1.376508980000000122e+02
-1.544903970000000072e+03 1.431197129999999902e+02
-1.546305280000000039e+03 1.459476180000000056e+02
-1.546922139999999899e+03 1.494435440000000028e+02
-1.547185709999999972e+03 1.535911830000000009e+02
-1.664144880000000057e+03 5.657085009999999556e+02
-1.664473660000000109e+03 5.651976449999999659e+02
-1.664779430000000048e+03 5.648271939999999631e+02
-1.664677560000000085e+03 5.647298919999999498e+02
-1.664741420000000062e+03 5.647078490000000102e+02
-1.664517360000000053e+03 5.653150249999999915e+02
-1.664479710000000068e+03 5.662552429999999504e+02
-1.663502790000000005e+03 5.734803799999999683e+02
-1.657655439999999999e+03 5.839760230000000547e+02
-1.655277839999999969e+03 5.879756969999999683e+02
-1.647447030000000041e+03 6.019376610000000483e+02
-1.644426889999999958e+03 6.072188180000000557e+02
-1.641406770000000051e+03 6.124999810000000480e+02
-1.638363640000000032e+03 6.179215540000000146e+02
-1.634996930000000020e+03 6.234548210000000381e+02
-1.624226779999999962e+03 6.397560829999999896e+02
-1.620756810000000087e+03 6.451925649999999450e+02
-1.617244580000000042e+03 6.505111789999999701e+02
-1.613884530000000041e+03 6.556448159999999916e+02
-1.610097600000000057e+03 6.607933359999999539e+02
-1.606397560000000112e+03 6.657794099999999844e+02
-1.602293650000000071e+03 6.706399609999999711e+02
-1.598189750000000004e+03 6.755005169999999453e+02
-1.589601110000000062e+03 6.849557059999999638e+02
-1.585157230000000027e+03 6.896687040000000479e+02
-1.575759479999999940e+03 6.988733519999999544e+02
-1.571016480000000001e+03 7.035571539999999686e+02
-1.566144330000000082e+03 7.082855389999999716e+02
-1.561313049999999976e+03 7.131322930000000042e+02
-1.546472690000000057e+03 7.279246849999999540e+02
-1.541383160000000089e+03 7.328606150000000525e+02
-1.526413790000000063e+03 7.476976479999999583e+02
-1.511596700000000055e+03 7.623497370000000046e+02
-1.506741119999999910e+03 7.673374459999999999e+02
-1.492481629999999996e+03 7.819296500000000378e+02
-1.487464089999999942e+03 7.864434250000000475e+02
-1.482435289999999895e+03 7.902987440000000561e+02
-1.476903060000000096e+03 7.935330169999999725e+02
-1.471084839999999986e+03 7.959387179999999944e+02
-1.458757139999999936e+03 7.997964919999999438e+02
-1.446147220000000061e+03 8.024269639999999981e+02
-1.439573879999999917e+03 8.039010690000000068e+02
-1.432617330000000038e+03 8.055074459999999590e+02
-1.425747669999999971e+03 8.069513560000000325e+02
-1.418878020000000106e+03 8.083952610000000050e+02
-1.412096659999999929e+03 8.096762139999999590e+02
-1.385532470000000103e+03 8.118243350000000191e+02
-1.376184649999999920e+03 8.117390860000000430e+02
-1.366426860000000033e+03 8.104705969999999979e+02
-1.364978550000000041e+03 8.100431929999999738e+02
-1.364274120000000039e+03 8.098889179999999897e+02
-1.360472549999999956e+03 8.078892570000000433e+02
-1.356562480000000050e+03 8.061919870000000401e+02
-1.347055489999999963e+03 8.012600999999999658e+02
-1.335284940000000006e+03 7.945924690000000510e+02
-1.328731880000000046e+03 7.908929980000000342e+02
-1.309777180000000044e+03 7.824657809999999927e+02
-1.304243690000000015e+03 7.831834280000000490e+02
-1.296462179999999989e+03 7.903733979999999519e+02
-1.294537730000000010e+03 7.967340530000000172e+02
-1.293966740000000073e+03 8.040847890000000007e+02
-1.293079780000000028e+03 8.176384610000000066e+02
-1.292901380000000017e+03 8.219392510000000129e+02
-1.292539849999999888e+03 8.269656340000000228e+02
-1.292489160000000084e+03 8.287053130000000465e+02
-1.292428599999999960e+03 8.297860230000000001e+02
-1.291898529999999937e+03 8.372551519999999527e+02
-1.291499469999999974e+03 8.432218329999999469e+02
-1.290576960000000099e+03 8.562579620000000205e+02
-1.289747800000000097e+03 8.636978880000000345e+02
-1.288689499999999953e+03 8.721442540000000463e+02
-1.286896169999999984e+03 8.910450739999999996e+02
-1.279524179999999888e+03 9.279014469999999619e+02
-1.275528399999999920e+03 9.418661769999999933e+02
-1.274056929999999966e+03 9.480706910000000107e+02
-1.271233259999999973e+03 9.597761789999999564e+02
-1.264210700000000088e+03 9.863115679999999657e+02
-1.262258460000000014e+03 9.932120300000000270e+02
-1.260167179999999917e+03 9.994981000000000222e+02
-1.253848629999999957e+03 1.007773379999999975e+03
-1.244285030000000006e+03 1.007895269999999982e+03
-1.227352979999999889e+03 9.893638369999999895e+02
-1.221955920000000106e+03 9.770514799999999696e+02
-1.219732469999999921e+03 9.718573840000000246e+02
-1.217246010000000069e+03 9.656942350000000488e+02
-1.216562650000000076e+03 9.643403620000000274e+02
-1.216317479999999932e+03 9.636301120000000537e+02
-1.214957319999999982e+03 9.605226609999999710e+02
-1.213124669999999924e+03 9.562535060000000158e+02
-1.210866940000000113e+03 9.505413180000000466e+02
-1.205640419999999949e+03 9.368452700000000277e+02
-1.203045939999999973e+03 9.295270839999999453e+02
-1.197322480000000041e+03 9.122931290000000217e+02
-1.194281799999999976e+03 9.022144060000000536e+02
-1.191108670000000075e+03 8.911215670000000273e+02
-1.185184130000000096e+03 8.668031469999999672e+02
-1.182583049999999957e+03 8.548504789999999502e+02
-1.180134160000000065e+03 8.427128089999999929e+02
-1.177667459999999892e+03 8.303163379999999734e+02
-1.171383810000000040e+03 7.904895269999999527e+02
-1.169114949999999908e+03 7.765675629999999501e+02
-1.166254449999999906e+03 7.621874330000000555e+02
-1.163119259999999940e+03 7.476371619999999893e+02
-1.159860169999999925e+03 7.327322380000000521e+02
-1.155922530000000052e+03 7.175316020000000208e+02
-1.151837980000000016e+03 7.021167269999999689e+02
-1.147383880000000090e+03 6.870943489999999656e+02
-1.142962719999999990e+03 6.725905169999999771e+02
-1.138260299999999916e+03 6.583162300000000187e+02
-1.133340500000000020e+03 6.442494410000000471e+02
-1.128056329999999889e+03 6.301759190000000217e+02
-1.122579189999999926e+03 6.161689880000000130e+02
-1.116415529999999990e+03 6.022664939999999660e+02
-1.109928349999999909e+03 5.884756320000000187e+02
-1.102772470000000112e+03 5.750479940000000170e+02
-1.095181749999999965e+03 5.620353430000000117e+02
-1.087600910000000113e+03 5.496816390000000183e+02
-1.079812500000000000e+03 5.381943929999999909e+02
-1.072058379999999943e+03 5.272251929999999902e+02
-1.064016370000000052e+03 5.168852100000000291e+02
-1.056219479999999976e+03 5.072554700000000025e+02
-1.048473289999999906e+03 4.984030619999999772e+02
-1.041183050000000094e+03 4.904531020000000012e+02
-1.034430460000000039e+03 4.836423550000000091e+02
-1.023591589999999997e+03 4.729425689999999918e+02
-1.019003320000000031e+03 4.684319039999999745e+02
-1.014772860000000037e+03 4.643276680000000169e+02
-1.010751859999999965e+03 4.604161060000000134e+02
-1.001469240000000013e+03 4.512988480000000209e+02
-9.958267990000000509e+02 4.458271260000000211e+02
-9.841024479999999812e+02 4.342404280000000085e+02
-9.789047420000000557e+02 4.290126440000000230e+02
-9.738770359999999755e+02 4.238586690000000203e+02
-9.687840680000000475e+02 4.187272009999999796e+02
-9.637385610000000042e+02 4.133143959999999879e+02
-9.580197040000000470e+02 4.072065799999999740e+02
-9.457142519999999877e+02 3.943629730000000109e+02
-9.395493330000000469e+02 3.880115920000000074e+02
-9.334318799999999783e+02 3.813788680000000113e+02
-9.270205240000000231e+02 3.743176280000000133e+02
-9.202758129999999710e+02 3.667090079999999830e+02
-9.058383820000000242e+02 3.506265070000000037e+02
-8.982748119999999972e+02 3.421080620000000181e+02
-8.830007809999999608e+02 3.248568329999999946e+02
-8.755894540000000461e+02 3.161533200000000079e+02
-8.683889809999999443e+02 3.076419920000000161e+02
-8.616510339999999815e+02 2.996334539999999720e+02
-8.386999560000000429e+02 2.716504350000000159e+02
-8.335966979999999467e+02 2.644026299999999878e+02
-8.286930989999999611e+02 2.566885070000000155e+02
-8.193445629999999937e+02 2.392473400000000083e+02
-8.110463700000000244e+02 2.202515170000000069e+02
-7.948195130000000290e+02 1.808075939999999946e+02
-7.853404030000000375e+02 1.623515679999999861e+02
-7.709772020000000339e+02 1.364395079999999894e+02
-7.664040489999999863e+02 1.282138610000000085e+02
-7.618525700000000143e+02 1.198482549999999947e+02
-7.473018730000000005e+02 9.360332429999999704e+01
-7.312211499999999660e+02 6.563400149999999655e+01
-7.258834180000000060e+02 5.581736839999999944e+01
-7.208040039999999635e+02 4.591162510000000196e+01
-7.159420730000000503e+02 3.579838389999999748e+01
-7.111684810000000425e+02 2.552219180000000165e+01
-7.064846119999999701e+02 1.508257159999999963e+01
-7.024287199999999984e+02 4.161400259999999740e+00
-6.991069069999999783e+02 -7.145438219999999951e+00
-6.959684009999999716e+02 -1.917786669999999916e+01
-6.883016229999999496e+02 -4.435305939999999936e+01
-6.780364270000000033e+02 -7.035421730000000196e+01
-6.725606050000000096e+02 -8.330266500000000462e+01
-6.671323099999999613e+02 -9.653245680000000561e+01
-6.614701969999999847e+02 -1.098140879999999981e+02
-6.453787310000000161e+02 -1.495702210000000036e+02
-6.403789279999999735e+02 -1.628153419999999869e+02
-6.352078050000000076e+02 -1.761338560000000086e+02
-6.301414359999999988e+02 -1.893560270000000116e+02
-6.250328970000000481e+02 -2.026961310000000083e+02
-6.198591340000000400e+02 -2.160137450000000001e+02
-6.146609750000000076e+02 -2.291904790000000105e+02
-6.093337089999999989e+02 -2.423226950000000102e+02
-6.036993049999999812e+02 -2.550840589999999963e+02
-5.976463780000000270e+02 -2.671712239999999952e+02
-5.911763110000000552e+02 -2.785846700000000169e+02
-5.849334629999999606e+02 -2.895465990000000147e+02
-5.692547409999999672e+02 -3.138137189999999919e+02
-5.652667999999999893e+02 -3.186647350000000074e+02
-5.623031300000000101e+02 -3.220143489999999815e+02
-5.591056049999999686e+02 -3.254157999999999902e+02
-5.585207080000000133e+02 -3.262738870000000020e+02
-5.585845910000000458e+02 -3.262959149999999795e+02
-5.585220910000000458e+02 -3.262743639999999914e+02
-5.586526249999999436e+02 -3.263193739999999821e+02
-5.584595920000000433e+02 -3.262528130000000033e+02
-5.585234749999999622e+02 -3.262748409999999808e+02
-5.585629159999999729e+02 -3.261559690000000273e+02
-5.584745900000000347e+02 -3.259930420000000026e+02
-5.585384739999999510e+02 -3.260150699999999802e+02
-5.583684990000000425e+02 -3.260889310000000023e+02
-5.576952760000000353e+02 -3.267840889999999945e+02
-5.559094669999999496e+02 -3.288177339999999731e+02
-5.525189159999999902e+02 -3.321526349999999752e+02
-5.481138160000000425e+02 -3.363299489999999992e+02
-5.368095849999999700e+02 -3.464740530000000263e+02
-5.294125129999999899e+02 -3.534614010000000235e+02
-5.209517700000000104e+02 -3.620690809999999829e+02
-5.117020479999999907e+02 -3.721268749999999841e+02
-5.025487449999999967e+02 -3.827478350000000091e+02
-4.845337680000000091e+02 -4.021033320000000231e+02
-4.499951819999999998e+02 -4.327182349999999929e+02
-4.410014590000000112e+02 -4.374331970000000069e+02
-4.317360770000000230e+02 -4.412596889999999803e+02
-4.223445639999999912e+02 -4.439829379999999901e+02
-4.127222140000000081e+02 -4.456993140000000153e+02
-3.938516240000000153e+02 -4.484662720000000036e+02
-3.848734210000000076e+02 -4.514645780000000173e+02
-3.682580899999999815e+02 -4.607055589999999938e+02
-3.598885189999999739e+02 -4.655034499999999866e+02
-3.419342530000000124e+02 -4.740179989999999748e+02
-3.322478540000000180e+02 -4.767722779999999716e+02
-3.120192490000000021e+02 -4.797337909999999965e+02
-3.015609959999999887e+02 -4.811622360000000072e+02
-2.911071319999999787e+02 -4.815324160000000120e+02
-2.702870919999999728e+02 -4.799185019999999895e+02
-2.598584040000000073e+02 -4.779128450000000043e+02
-2.491298500000000047e+02 -4.740816249999999741e+02
-2.321589850000000013e+02 -4.671709849999999733e+02
-2.252330259999999953e+02 -4.635909169999999904e+02
-2.191214060000000075e+02 -4.601591169999999806e+02
-2.136963460000000055e+02 -4.568315319999999815e+02
-2.085065170000000023e+02 -4.534525639999999953e+02
-1.970736719999999877e+02 -4.451392139999999813e+02
-1.908417340000000024e+02 -4.395462539999999763e+02
-1.845489479999999958e+02 -4.328724750000000085e+02
-1.781545000000000130e+02 -4.252362759999999753e+02
-1.718728309999999908e+02 -4.179038959999999747e+02
-1.654212170000000128e+02 -4.106453849999999761e+02
-1.589860140000000115e+02 -4.031275519999999801e+02
-1.522450489999999945e+02 -3.952393210000000181e+02
-1.455626890000000060e+02 -3.869738290000000234e+02
-1.388559250000000134e+02 -3.785674179999999751e+02
-1.321327949999999873e+02 -3.704203009999999949e+02
-1.257629689999999982e+02 -3.629248969999999872e+02
-1.202385799999999989e+02 -3.561184030000000007e+02
-1.152507910000000066e+02 -3.506892379999999889e+02
-1.102000129999999984e+02 -3.466956519999999955e+02
-1.048195939999999950e+02 -3.447081269999999904e+02
-9.900345430000000135e+01 -3.448225810000000138e+02
-9.327482990000000029e+01 -3.476168700000000058e+02
-8.788533830000000080e+01 -3.527803010000000086e+02
-8.342789179999999760e+01 -3.598548789999999826e+02
-8.040300190000000669e+01 -3.682182619999999815e+02
-7.833098099999999420e+01 -3.771751279999999724e+02
-7.719271770000000288e+01 -3.869838449999999739e+02
-7.697623149999999725e+01 -3.968453809999999748e+02
-7.795620259999999746e+01 -4.065894640000000209e+02
-7.980909440000000643e+01 -4.161045480000000225e+02
-8.282869920000000263e+01 -4.249619900000000143e+02
-8.710197560000000294e+01 -4.333242500000000064e+02
-9.157103859999999429e+01 -4.417539859999999976e+02
-9.626291430000000560e+01 -4.507904369999999972e+02
-1.057240160000000060e+02 -4.696848089999999729e+02
-1.100188519999999954e+02 -4.792467030000000250e+02
-1.137288719999999955e+02 -4.896667949999999792e+02
-1.200743470000000030e+02 -5.127860239999999976e+02
-1.267569239999999979e+02 -5.368161999999999807e+02
-1.299268199999999922e+02 -5.494345389999999725e+02
-1.329445479999999975e+02 -5.618679069999999456e+02
-1.363892160000000047e+02 -5.743159369999999626e+02
-1.428926260000000070e+02 -5.990788469999999961e+02
-1.461199609999999893e+02 -6.113193690000000515e+02
-1.486852289999999925e+02 -6.235965840000000071e+02
-1.521393329999999935e+02 -6.490302639999999883e+02
-1.528404679999999871e+02 -6.625194549999999936e+02
-1.530792810000000088e+02 -6.765116259999999784e+02
-1.528327020000000118e+02 -6.908663520000000062e+02
-1.521592860000000087e+02 -7.052063940000000457e+02
-1.511511759999999924e+02 -7.337382020000000011e+02
-1.507391619999999932e+02 -7.471084759999999960e+02
-1.498677659999999889e+02 -7.599229669999999714e+02
-1.475349339999999927e+02 -7.723661889999999630e+02
-1.432729559999999935e+02 -7.845418959999999515e+02
-1.318967550000000131e+02 -8.085726049999999532e+02
-1.260278919999999943e+02 -8.205919079999999894e+02
-1.202651369999999957e+02 -8.325153199999999742e+02
-1.145663069999999948e+02 -8.444607740000000149e+02
-1.028124719999999996e+02 -8.687588449999999511e+02
-9.621640490000000057e+01 -8.807925169999999753e+02
-8.895825539999999876e+01 -8.928629680000000235e+02
-8.154653360000000362e+01 -9.047480409999999438e+02
-7.383710560000000100e+01 -9.166630069999999932e+02
-5.888605520000000126e+01 -9.403892819999999801e+02
-5.134669139999999743e+01 -9.522304520000000139e+02
-4.399903400000000175e+01 -9.641377089999999725e+02
-3.639447650000000323e+01 -9.759564550000000054e+02
-2.904826080000000132e+01 -9.878642509999999675e+02
-2.204873639999999924e+01 -1.000024009999999976e+03
-1.517840200000000017e+01 -1.012228309999999965e+03
-8.355649550000000758e+00 -1.024713970000000018e+03
-1.637630410000000092e+00 -1.037103260000000091e+03
5.273396840000000196e+00 -1.049426060000000007e+03
1.188390339999999945e+01 -1.061719959999999901e+03
1.832715849999999946e+01 -1.073939030000000002e+03
2.470511409999999941e+01 -1.086180620000000090e+03
3.097833909999999946e+01 -1.098325849999999946e+03
3.714008489999999796e+01 -1.110774439999999913e+03
4.340785720000000225e+01 -1.123318980000000010e+03
4.980337500000000261e+01 -1.135819510000000037e+03
5.594191490000000044e+01 -1.148408609999999953e+03
6.214430819999999756e+01 -1.160975709999999935e+03
6.828277049999999804e+01 -1.173564859999999953e+03
7.454897859999999810e+01 -1.186109999999999900e+03
8.088041160000000218e+01 -1.198632679999999937e+03
8.725260509999999670e+01 -1.211273799999999937e+03
9.916343539999999734e+01 -1.236445860000000039e+03
1.050664469999999966e+02 -1.248983729999999923e+03
1.110577789999999965e+02 -1.261358709999999974e+03
1.167921319999999952e+02 -1.273822229999999990e+03
1.223170659999999970e+02 -1.286092979999999898e+03
1.276787779999999941e+02 -1.297890090000000100e+03
1.377031739999999900e+02 -1.319870589999999993e+03
1.505239190000000065e+02 -1.338635770000000093e+03
1.584236359999999877e+02 -1.347306589999999915e+03
1.667394199999999955e+02 -1.356761389999999892e+03
1.755582589999999925e+02 -1.366837719999999990e+03
1.846694009999999935e+02 -1.377343260000000100e+03
2.027733479999999986e+02 -1.399057559999999967e+03
2.119184079999999994e+02 -1.410081390000000056e+03
2.210389639999999929e+02 -1.421246169999999893e+03
2.383065880000000050e+02 -1.445368330000000014e+03
2.462442739999999901e+02 -1.458132890000000089e+03
2.541819189999999935e+02 -1.470897500000000036e+03
2.623764689999999860e+02 -1.483573630000000094e+03
2.700543480000000045e+02 -1.496427760000000035e+03
2.827479270000000042e+02 -1.521330989999999929e+03
2.876752650000000244e+02 -1.533542979999999943e+03
2.917705139999999915e+02 -1.545644180000000006e+03
2.987399790000000053e+02 -1.567352849999999989e+03
3.013055820000000153e+02 -1.576271799999999985e+03
3.033952980000000252e+02 -1.582970240000000103e+03
3.047617060000000038e+02 -1.588195729999999912e+03
3.059377590000000282e+02 -1.592029639999999972e+03
3.069506569999999783e+02 -1.595389859999999999e+03
3.078642980000000193e+02 -1.598254410000000007e+03
3.086324670000000197e+02 -1.600904119999999921e+03
3.094006330000000276e+02 -1.603553830000000062e+03
3.106949480000000108e+02 -1.606684659999999894e+03
3.124990980000000036e+02 -1.610037289999999985e+03
3.155540460000000280e+02 -1.612826639999999998e+03
3.194859099999999899e+02 -1.614386690000000044e+03
3.243585850000000050e+02 -1.614695420000000013e+03
3.298593720000000076e+02 -1.614522879999999986e+03
3.352146849999999745e+02 -1.614135520000000042e+03
3.410866270000000213e+02 -1.613570210000000088e+03
3.477335120000000188e+02 -1.612738000000000056e+03
3.548807110000000193e+02 -1.611468530000000101e+03
3.628667439999999829e+02 -1.609910149999999931e+03
3.712823910000000183e+02 -1.608336279999999988e+03
3.800039229999999861e+02 -1.606392119999999977e+03
3.890068660000000023e+02 -1.604218560000000025e+03
3.979037470000000098e+02 -1.601949069999999892e+03
4.068414030000000139e+02 -1.599798009999999977e+03
4.156091010000000097e+02 -1.597573020000000042e+03
4.248675799999999754e+02 -1.595311470000000099e+03
4.339506690000000049e+02 -1.593375270000000000e+03
4.433777049999999917e+02 -1.591188139999999976e+03
4.527000429999999938e+02 -1.588904610000000048e+03
4.614418479999999931e+02 -1.586821030000000064e+03
4.696670209999999770e+02 -1.584915389999999888e+03
4.777494469999999751e+02 -1.583853759999999966e+03
4.859338569999999891e+02 -1.584346690000000081e+03
4.944350339999999733e+02 -1.585127940000000081e+03
5.030245699999999829e+02 -1.585746300000000019e+03
5.117201410000000124e+02 -1.586460630000000037e+03
5.202444040000000314e+02 -1.587101490000000013e+03
5.280834569999999530e+02 -1.587845900000000029e+03
5.356737249999999904e+02 -1.589338369999999941e+03
5.428656829999999900e+02 -1.592822679999999991e+03
5.491196009999999887e+02 -1.598617189999999937e+03
5.540548019999999951e+02 -1.606455590000000029e+03
5.574673390000000381e+02 -1.615745730000000094e+03
5.590485800000000154e+02 -1.625799050000000079e+03
5.600655970000000252e+02 -1.636311639999999898e+03
5.609235200000000532e+02 -1.647408899999999903e+03
5.617909300000000030e+02 -1.659165240000000040e+03
5.628214470000000347e+02 -1.671395279999999957e+03
5.639090240000000449e+02 -1.684003079999999954e+03
5.651365839999999707e+02 -1.697225010000000111e+03
5.661003399999999601e+02 -1.710935179999999946e+03
5.670572429999999713e+02 -1.725045119999999997e+03
5.685388679999999795e+02 -1.739636680000000069e+03
5.696751090000000204e+02 -1.754479630000000043e+03
5.710505829999999605e+02 -1.768975230000000010e+03
5.722954889999999750e+02 -1.783515769999999975e+03
5.736069539999999733e+02 -1.798033359999999902e+03
5.749183639999999968e+02 -1.812550950000000057e+03
5.763112810000000081e+02 -1.827305380000000014e+03
5.775342040000000452e+02 -1.841985860000000002e+03
5.785245899999999892e+02 -1.856613920000000007e+03
5.796209589999999707e+02 -1.871337919999999940e+03
5.804657750000000078e+02 -1.885751119999999901e+03
5.814247579999999971e+02 -1.899860030000000052e+03
5.822736429999999928e+02 -1.912814609999999902e+03
5.829730230000000120e+02 -1.924495969999999943e+03
5.837675759999999627e+02 -1.935614659999999958e+03
5.846559479999999667e+02 -1.946171170000000075e+03
5.852262620000000197e+02 -1.955380020000000059e+03
5.861337919999999713e+02 -1.963677950000000010e+03
5.877170599999999467e+02 -1.971213330000000042e+03
5.902357510000000502e+02 -1.977896760000000086e+03
5.935430549999999812e+02 -1.983513850000000048e+03
5.978891059999999698e+02 -1.988375890000000027e+03
6.026471159999999827e+02 -1.992963619999999992e+03
6.079054670000000442e+02 -1.997114160000000084e+03
6.138259060000000318e+02 -2.001301680000000033e+03
6.190910770000000412e+02 -2.005052480000000060e+03
6.227276180000000068e+02 -2.007641969999999901e+03
6.249883770000000140e+02 -2.009380460000000085e+03
6.264878410000000031e+02 -2.010586270000000013e+03
6.275006220000000212e+02 -2.011429769999999962e+03
6.278404940000000352e+02 -2.011577690000000075e+03
6.277344590000000153e+02 -2.011481729999999970e+03
6.276705580000000282e+02 -2.011503729999999905e+03
6.276066570000000411e+02 -2.011525730000000067e+03
6.275019810000000007e+02 -2.011429309999999987e+03
6.273089199999999437e+02 -2.011495779999999968e+03
6.271634679999999662e+02 -2.011280919999999924e+03
6.272042430000000195e+02 -2.011399349999999913e+03
6.278363769999999704e+02 -2.011976509999999962e+03
6.299027139999999463e+02 -2.013781950000000052e+03
6.330810310000000527e+02 -2.016926619999999957e+03
6.366970569999999725e+02 -2.020715390000000070e+03
6.402423440000000028e+02 -2.024925930000000108e+03
6.440798859999999877e+02 -2.029565720000000056e+03
6.479758450000000494e+02 -2.034582810000000109e+03
6.521232820000000174e+02 -2.039910730000000058e+03
6.559253629999999475e+02 -2.045490019999999959e+03
6.586397060000000465e+02 -2.052106159999999818e+03
6.608536860000000388e+02 -2.059159509999999955e+03
6.629779099999999517e+02 -2.066376229999999850e+03
6.652420899999999619e+02 -2.074207100000000082e+03
6.677101209999999583e+02 -2.082630119999999806e+03
6.705519359999999551e+02 -2.091719259999999849e+03
6.732006679999999506e+02 -2.100874870000000101e+03
6.757039320000000089e+02 -2.109815619999999853e+03
6.778102519999999913e+02 -2.118230700000000070e+03
6.798867549999999937e+02 -2.125728770000000168e+03
6.818722609999999804e+02 -2.132330890000000181e+03
6.835981970000000274e+02 -2.137962640000000192e+03
6.854764169999999694e+02 -2.143409500000000207e+03
6.873954009999999926e+02 -2.148974799999999959e+03
6.898473060000000032e+02 -2.154621560000000045e+03
6.925575250000000551e+02 -2.160179389999999785e+03
6.956905010000000402e+02 -2.166121549999999843e+03
6.991333530000000565e+02 -2.172751839999999902e+03
7.027745539999999664e+02 -2.180373579999999947e+03
7.113087789999999586e+02 -2.197570520000000215e+03
7.160087290000000166e+02 -2.207212190000000192e+03
7.261343349999999646e+02 -2.227967790000000150e+03
7.314539549999999508e+02 -2.238985760000000028e+03
7.368958489999999983e+02 -2.250359050000000025e+03
7.473891109999999571e+02 -2.274697200000000066e+03
7.524404700000000048e+02 -2.287662060000000110e+03
7.573802560000000312e+02 -2.300930260000000089e+03
7.624178060000000414e+02 -2.314694680000000062e+03
7.673506399999999985e+02 -2.328362680000000182e+03
7.725241220000000339e+02 -2.341682909999999993e+03
7.773238039999999955e+02 -2.354337030000000141e+03
7.817728299999999990e+02 -2.366184589999999844e+03
7.859758749999999736e+02 -2.377322029999999813e+03
7.903964499999999589e+02 -2.388252140000000054e+03
7.955390949999999748e+02 -2.398138930000000073e+03
8.015819689999999582e+02 -2.406656160000000000e+03
8.085319469999999455e+02 -2.413404079999999794e+03
8.156316859999999451e+02 -2.418908289999999852e+03
8.228443049999999630e+02 -2.424108740000000125e+03
8.298217280000000073e+02 -2.429257689999999911e+03
8.361180829999999560e+02 -2.434111210000000028e+03
8.418638899999999694e+02 -2.438624380000000201e+03
8.474848759999999857e+02 -2.441723399999999856e+03
8.532911709999999630e+02 -2.442639220000000023e+03
8.589618990000000167e+02 -2.441482260000000224e+03
8.646777309999999943e+02 -2.438985119999999824e+03
8.712663199999999506e+02 -2.436717459999999846e+03
8.785577379999999721e+02 -2.434605300000000170e+03
8.861958660000000236e+02 -2.432241340000000037e+03
8.945599620000000414e+02 -2.429892449999999826e+03
9.033685629999999946e+02 -2.427787969999999859e+03
9.126285370000000512e+02 -2.425528150000000096e+03
9.220176579999999831e+02 -2.423223880000000008e+03
9.319396779999999580e+02 -2.421001130000000103e+03
9.519659830000000511e+02 -2.415830590000000029e+03
9.623856250000000045e+02 -2.413171650000000227e+03
9.729344099999999571e+02 -2.410468269999999848e+03
9.835063219999999546e+02 -2.407624470000000201e+03
1.003643860000000018e+03 -2.403210500000000138e+03
1.013392720000000054e+03 -2.403431849999999940e+03
1.022896560000000022e+03 -2.405459659999999985e+03
1.041079420000000027e+03 -2.415098050000000057e+03
1.049074569999999994e+03 -2.422811520000000201e+03
1.057049099999999953e+03 -2.431724349999999959e+03
1.064733930000000100e+03 -2.441266799999999876e+03
1.080681080000000065e+03 -2.461610180000000128e+03
1.088991019999999935e+03 -2.472129800000000159e+03
1.097378259999999955e+03 -2.483285190000000057e+03
1.105846999999999980e+03 -2.494677509999999984e+03
1.123557639999999992e+03 -2.518653319999999894e+03
1.132231410000000096e+03 -2.530637520000000222e+03
1.149910620000000108e+03 -2.554094450000000052e+03
1.159432700000000068e+03 -2.565389410000000225e+03
1.169342210000000023e+03 -2.576551069999999982e+03
1.179462369999999964e+03 -2.587905229999999847e+03
1.199913240000000087e+03 -2.610806160000000091e+03
1.210484670000000051e+03 -2.622005160000000160e+03
1.221401429999999891e+03 -2.632952890000000025e+03
1.244203449999999975e+03 -2.651998309999999947e+03
1.255759579999999914e+03 -2.660606650000000172e+03
1.266975869999999986e+03 -2.669067039999999906e+03
1.278174520000000030e+03 -2.677268590000000131e+03
1.298751680000000079e+03 -2.692575980000000072e+03
1.307094450000000052e+03 -2.698978410000000167e+03
1.313785720000000083e+03 -2.704359440000000177e+03
1.323202479999999923e+03 -2.710524849999999788e+03
1.326818289999999934e+03 -2.711797700000000077e+03
1.330438519999999926e+03 -2.711611849999999777e+03
1.333893240000000105e+03 -2.709893289999999979e+03
1.337512899999999945e+03 -2.706130889999999908e+03
1.341468560000000025e+03 -2.701458029999999781e+03
1.348741539999999986e+03 -2.689417550000000119e+03
1.351168519999999944e+03 -2.681561409999999796e+03
1.352527209999999968e+03 -2.672483160000000225e+03
1.354310259999999971e+03 -2.662331549999999879e+03
1.356342210000000023e+03 -2.651431919999999991e+03
1.358323979999999892e+03 -2.639754680000000008e+03
1.360312590000000000e+03 -2.627677639999999883e+03
1.362541870000000017e+03 -2.615252809999999954e+03
1.378467079999999896e+03 -2.523531120000000101e+03
1.380937989999999900e+03 -2.510757909999999811e+03
1.383894109999999955e+03 -2.498347589999999855e+03
1.387078469999999925e+03 -2.486388609999999971e+03
1.390238309999999956e+03 -2.474570499999999811e+03
1.393398110000000088e+03 -2.462752379999999903e+03
1.396469470000000001e+03 -2.451097139999999854e+03
1.399686230000000023e+03 -2.439656790000000001e+03
1.402814560000000029e+03 -2.428379309999999805e+03
1.405854469999999992e+03 -2.417264709999999923e+03
1.408701270000000022e+03 -2.406216539999999895e+03
1.411587479999999914e+03 -2.395287260000000060e+03
1.414215349999999944e+03 -2.384446849999999813e+03
1.415905230000000074e+03 -2.373399309999999787e+03
1.416364919999999984e+03 -2.361715259999999944e+03
1.416090429999999969e+03 -2.350416340000000218e+03
1.415349539999999934e+03 -2.340072810000000118e+03
1.415141180000000077e+03 -2.332328100000000177e+03
1.416077189999999973e+03 -2.326441730000000007e+03
1.422275650000000041e+03 -2.318214289999999892e+03
1.426216959999999972e+03 -2.314340670000000046e+03
1.430447859999999991e+03 -2.309837460000000192e+03
1.448369509999999991e+03 -2.275185539999999946e+03
1.464064170000000104e+03 -2.240372339999999895e+03
1.468200229999999920e+03 -2.231397159999999985e+03
1.475960949999999912e+03 -2.214682620000000043e+03
1.479040379999999914e+03 -2.208720749999999953e+03
1.481790780000000041e+03 -2.204329479999999876e+03
1.483974110000000110e+03 -2.201855689999999868e+03
1.487652959999999894e+03 -2.197012349999999969e+03
1.487652959999999894e+03 -2.197012349999999969e+03
1.487877310000000080e+03 -2.196405189999999948e+03
1.488486450000000104e+03 -2.194605689999999868e+03
1.490043439999999919e+03 -2.187577960000000076e+03
1.491220929999999953e+03 -2.183860520000000179e+03
1.492738250000000107e+03 -2.180291079999999965e+03
1.494490710000000036e+03 -2.176773189999999886e+03
1.496742099999999937e+03 -2.172818589999999858e+03
1.499187869999999975e+03 -2.168797090000000026e+03
1.501962649999999940e+03 -2.164264880000000176e+03
1.504921000000000049e+03 -2.159007030000000213e+03
1.511063519999999926e+03 -2.145366379999999936e+03
1.514216390000000047e+03 -2.137524280000000090e+03
1.517779809999999998e+03 -2.129408359999999902e+03
1.530132440000000088e+03 -2.104223309999999856e+03
1.534599760000000060e+03 -2.095796190000000024e+03
1.539003130000000056e+03 -2.087391050000000178e+03
1.553391669999999976e+03 -2.062034850000000006e+03
1.558504550000000108e+03 -2.053385400000000118e+03
1.563641849999999977e+03 -2.044595029999999952e+03
1.568931399999999940e+03 -2.035619729999999890e+03
1.574350050000000010e+03 -2.026599960000000010e+03
1.590989240000000109e+03 -1.998348649999999907e+03
1.607814380000000028e+03 -1.970430550000000039e+03
1.618432409999999891e+03 -1.952598580000000084e+03
1.626970589999999902e+03 -1.933760050000000092e+03
1.629781770000000051e+03 -1.923252660000000105e+03
1.631826209999999946e+03 -1.912611720000000105e+03
1.634039230000000089e+03 -1.902045209999999997e+03
1.636182810000000018e+03 -1.891900069999999914e+03
1.641941929999999957e+03 -1.861828209999999899e+03
1.643915459999999939e+03 -1.851609020000000100e+03
1.649467390000000023e+03 -1.818825769999999920e+03
1.651478810000000067e+03 -1.807665960000000041e+03
1.653490189999999984e+03 -1.796506129999999985e+03
1.655308479999999918e+03 -1.785412749999999960e+03
1.658919229999999970e+03 -1.763367299999999886e+03
1.662605909999999994e+03 -1.741958110000000033e+03
1.666261259999999993e+03 -1.721089609999999993e+03
1.668129660000000058e+03 -1.710773799999999937e+03
1.673871889999999894e+03 -1.679381560000000036e+03
1.681493840000000091e+03 -1.633296659999999974e+03
1.683560259999999971e+03 -1.621454950000000053e+03
1.687588259999999991e+03 -1.597675030000000106e+03
1.691486969999999928e+03 -1.573939509999999927e+03
1.696383759999999938e+03 -1.543234979999999950e+03
1.697448769999999968e+03 -1.537303059999999959e+03
1.698156520000000000e+03 -1.533481729999999970e+03
1.698487789999999904e+03 -1.530452549999999974e+03
1.698876209999999901e+03 -1.527801210000000083e+03
1.699369349999999940e+03 -1.525246319999999969e+03
1.702017869999999903e+03 -1.508168679999999995e+03
1.702968489999999974e+03 -1.501481080000000020e+03
1.706877420000000029e+03 -1.478404089999999997e+03
1.708355119999999943e+03 -1.469679859999999962e+03
1.709757949999999937e+03 -1.460318850000000111e+03
1.712972459999999955e+03 -1.440263449999999921e+03
1.714800490000000082e+03 -1.429828410000000076e+03
1.718647899999999936e+03 -1.407832329999999956e+03
1.720472929999999906e+03 -1.396338189999999940e+03
1.724258749999999964e+03 -1.372905559999999923e+03
1.726178730000000087e+03 -1.360848600000000033e+03
1.730309580000000096e+03 -1.337164459999999963e+03
1.732141100000000051e+03 -1.325270389999999907e+03
1.735990340000000060e+03 -1.301815560000000005e+03
1.737902049999999917e+03 -1.290158809999999903e+03
1.739919720000000098e+03 -1.278598050000000057e+03
1.742066469999999981e+03 -1.266992799999999988e+03
1.745833689999999933e+03 -1.243300909999999931e+03
1.747921839999999975e+03 -1.231318220000000110e+03
1.752048819999999978e+03 -1.206574659999999994e+03
1.754192360000000008e+03 -1.193910229999999956e+03
1.756692080000000033e+03 -1.181653150000000096e+03
1.759341529999999921e+03 -1.170669609999999921e+03
1.761711270000000013e+03 -1.160974999999999909e+03
1.764895060000000058e+03 -1.145036849999999959e+03
1.766371110000000044e+03 -1.138830339999999978e+03
1.768407400000000052e+03 -1.133623489999999947e+03
1.775790520000000015e+03 -1.127370149999999967e+03
1.780725609999999961e+03 -1.126597980000000007e+03
1.785871419999999944e+03 -1.126018280000000004e+03
1.797200419999999895e+03 -1.120526100000000042e+03
1.810775599999999940e+03 -1.112537569999999960e+03
1.818182260000000042e+03 -1.108661350000000084e+03
1.825760109999999941e+03 -1.104858690000000024e+03
1.833578479999999900e+03 -1.100708149999999932e+03
1.841527219999999943e+03 -1.096512699999999995e+03
1.849734169999999949e+03 -1.092228309999999965e+03
1.858111010000000078e+03 -1.088017920000000004e+03
1.866140020000000050e+03 -1.084059839999999895e+03
1.878626029999999901e+03 -1.076048780000000079e+03
1.883305910000000040e+03 -1.071388959999999997e+03
1.887129490000000033e+03 -1.066759029999999939e+03
1.891078469999999925e+03 -1.063543609999999944e+03
1.901252160000000003e+03 -1.064147580000000062e+03
1.906509160000000065e+03 -1.068300289999999904e+03
1.912401309999999967e+03 -1.074089529999999968e+03
1.926803769999999986e+03 -1.087814239999999927e+03
1.934895639999999958e+03 -1.096423929999999928e+03
1.942833990000000085e+03 -1.105219039999999950e+03
1.950772310000000061e+03 -1.114014190000000099e+03
1.967313869999999952e+03 -1.132700749999999971e+03
1.975959160000000111e+03 -1.142710199999999986e+03
1.984463160000000016e+03 -1.153563470000000052e+03
1.993042009999999891e+03 -1.165053580000000011e+03
2.010112630000000081e+03 -1.189654129999999896e+03
2.018586700000000064e+03 -1.202505609999999933e+03
2.035812329999999974e+03 -1.229438310000000001e+03
2.044395230000000083e+03 -1.243445079999999962e+03
2.053041999999999916e+03 -1.257429879999999912e+03
2.061495679999999993e+03 -1.271481199999999944e+03
2.077886430000000018e+03 -1.299761829999999918e+03
2.085523209999999835e+03 -1.313962009999999964e+03
2.099854569999999967e+03 -1.342554370000000063e+03
2.106119740000000093e+03 -1.356961870000000090e+03
2.111481060000000070e+03 -1.371680620000000090e+03
2.116090769999999793e+03 -1.386525650000000041e+03
2.120166310000000067e+03 -1.401289569999999912e+03
2.123772869999999784e+03 -1.415949929999999995e+03
2.130426059999999779e+03 -1.445330899999999929e+03
2.133362489999999980e+03 -1.460354469999999992e+03
2.136233670000000075e+03 -1.475400499999999965e+03
2.142420399999999972e+03 -1.505737069999999903e+03
2.145185440000000199e+03 -1.520687079999999924e+03
2.147868840000000091e+03 -1.535400149999999940e+03
2.150493739999999889e+03 -1.549735789999999952e+03
2.155054149999999936e+03 -1.577451739999999972e+03
2.160037089999999807e+03 -1.604094540000000052e+03
2.162804380000000037e+03 -1.617586000000000013e+03
2.165798699999999826e+03 -1.631529340000000047e+03
2.172333790000000135e+03 -1.661215599999999995e+03
2.175512859999999819e+03 -1.676950499999999920e+03
2.181759660000000167e+03 -1.709783740000000080e+03
2.185110020000000077e+03 -1.726652250000000095e+03
2.188337959999999839e+03 -1.743165340000000015e+03
2.191297990000000027e+03 -1.759108069999999998e+03
2.197138980000000174e+03 -1.789298039999999901e+03
2.199931610000000092e+03 -1.803708190000000059e+03
2.202554290000000037e+03 -1.818044319999999971e+03
2.208040109999999913e+03 -1.846368739999999889e+03
2.210662640000000010e+03 -1.860704880000000003e+03
2.213419750000000022e+03 -1.874597140000000081e+03
2.216055739999999787e+03 -1.888133540000000039e+03
2.218592500000000200e+03 -1.901174050000000079e+03
2.223529930000000149e+03 -1.925181689999999890e+03
2.226028519999999844e+03 -1.936645170000000007e+03
2.228672570000000178e+03 -1.948323609999999917e+03
2.231713519999999789e+03 -1.960527970000000096e+03
2.235175780000000032e+03 -1.973117369999999937e+03
2.241756359999999859e+03 -1.999607099999999946e+03
2.244816269999999804e+03 -2.013130010000000084e+03
2.248005250000000160e+03 -2.026608490000000074e+03
2.254480990000000020e+03 -2.054061799999999948e+03
2.257815309999999954e+03 -2.067755239999999958e+03
2.261085660000000189e+03 -2.081470699999999852e+03
2.264161639999999807e+03 -2.095253029999999853e+03
2.267495820000000094e+03 -2.108946500000000015e+03
2.273590430000000197e+03 -2.136133330000000115e+03
2.276761379999999917e+03 -2.149352910000000065e+03
2.279786819999999807e+03 -2.162357539999999972e+03
2.285923209999999926e+03 -2.187144789999999830e+03
2.288935019999999895e+03 -2.198431509999999889e+03
2.291506409999999960e+03 -2.208014670000000024e+03
2.293368359999999939e+03 -2.215324340000000120e+03
2.295593100000000049e+03 -2.225159299999999803e+03
2.296011590000000069e+03 -2.227002890000000207e+03
2.299209640000000036e+03 -2.232527720000000045e+03
2.302424019999999928e+03 -2.234734280000000126e+03
2.306311290000000099e+03 -2.235119220000000041e+03
2.310573719999999867e+03 -2.233652480000000196e+03
2.342521819999999934e+03 -2.223453919999999925e+03
2.352373250000000098e+03 -2.221654059999999845e+03
2.363046989999999823e+03 -2.219306230000000141e+03
2.373469279999999799e+03 -2.216647399999999834e+03
2.384156610000000001e+03 -2.213499850000000151e+03
2.407855430000000069e+03 -2.206404989999999998e+03
2.420544730000000072e+03 -2.202568560000000161e+03
2.433427049999999781e+03 -2.198665710000000217e+03
2.458844990000000053e+03 -2.191111829999999827e+03
2.471638860000000022e+03 -2.187371939999999995e+03
2.484092909999999847e+03 -2.183483960000000025e+03
2.507698910000000069e+03 -2.175493500000000040e+03
2.518810100000000148e+03 -2.171272539999999935e+03
2.529435989999999947e+03 -2.166688509999999951e+03
2.539552189999999882e+03 -2.161882320000000163e+03
2.558269110000000182e+03 -2.150803699999999935e+03
2.566822239999999965e+03 -2.144812649999999849e+03
2.574759730000000218e+03 -2.138503389999999854e+03
2.599480919999999969e+03 -2.114227159999999913e+03
2.604580199999999877e+03 -2.108894479999999930e+03
2.610410629999999855e+03 -2.104635360000000219e+03
2.617199210000000221e+03 -2.101901760000000195e+03
2.624705329999999776e+03 -2.101041520000000219e+03
2.640500500000000102e+03 -2.107267730000000029e+03
2.646890820000000076e+03 -2.114079949999999826e+03
2.655557530000000042e+03 -2.130445240000000013e+03
2.657824369999999817e+03 -2.139338990000000194e+03
2.657227319999999963e+03 -2.156904190000000199e+03
2.654488539999999830e+03 -2.164472440000000006e+03
2.650356670000000122e+03 -2.170929830000000038e+03
2.645073589999999967e+03 -2.175928109999999833e+03
2.638710039999999935e+03 -2.179045380000000023e+03
2.624450060000000121e+03 -2.178519009999999980e+03
2.617159689999999955e+03 -2.174534329999999954e+03
2.610589699999999993e+03 -2.168446570000000065e+03
2.604740089999999782e+03 -2.160255720000000110e+03
2.598619920000000093e+03 -2.150435280000000148e+03
2.591734620000000177e+03 -2.139022919999999885e+03
2.584790899999999965e+03 -2.127233139999999821e+03
2.577730379999999968e+03 -2.114688470000000052e+03
2.569469230000000152e+03 -2.101364340000000084e+03
2.560716249999999945e+03 -2.086619290000000092e+03
2.551403200000000197e+03 -2.070874359999999797e+03
2.541146999999999935e+03 -2.053863839999999982e+03
2.530008550000000014e+03 -2.035964330000000018e+03
2.518561419999999998e+03 -2.017375990000000002e+03
2.507080230000000029e+03 -1.998269369999999981e+03
2.495460239999999885e+03 -1.978547980000000052e+03
2.483571089999999913e+03 -1.958256699999999910e+03
2.471414009999999962e+03 -1.937395089999999982e+03
2.458923819999999978e+03 -1.915985609999999951e+03
2.446141279999999824e+03 -1.894146729999999934e+03
2.433399399999999787e+03 -1.872426439999999957e+03
2.420657400000000052e+03 -1.850706249999999955e+03
2.408044400000000223e+03 -1.828941720000000032e+03
2.395495210000000043e+03 -1.807155279999999948e+03
2.383050609999999779e+03 -1.785465419999999995e+03
2.370671089999999822e+03 -1.763753210000000081e+03
2.358412530000000061e+03 -1.742396979999999985e+03
2.346276220000000194e+03 -1.721396269999999959e+03
2.334179320000000189e+03 -1.700514560000000074e+03
2.322445259999999962e+03 -1.679640529999999899e+03
2.310792649999999867e+03 -1.659003539999999930e+03
2.299543680000000222e+03 -1.638492680000000064e+03
2.288335379999999986e+03 -1.618100380000000087e+03
2.277190900000000056e+03 -1.597686149999999998e+03
2.265876420000000053e+03 -1.577197979999999916e+03
2.243478450000000066e+03 -1.536274769999999990e+03
2.232624569999999949e+03 -1.516290739999999914e+03
2.221763849999999820e+03 -1.496706680000000006e+03
2.200714989999999943e+03 -1.458234719999999925e+03
2.190316170000000056e+03 -1.439154340000000047e+03
2.179892859999999928e+03 -1.420214940000000070e+03
2.159339509999999791e+03 -1.382765360000000101e+03
2.148892800000000079e+03 -1.363966660000000047e+03
2.138534310000000005e+03 -1.345005090000000109e+03
2.117312809999999899e+03 -1.306460690000000113e+03
2.106426649999999881e+03 -1.287018350000000055e+03
2.095499600000000100e+03 -1.267457609999999931e+03
2.072854130000000168e+03 -1.228343750000000000e+03
2.061668560000000070e+03 -1.208872170000000096e+03
2.050330660000000080e+03 -1.189585620000000063e+03
2.004144960000000083e+03 -1.112329610000000002e+03
1.980160570000000007e+03 -1.073942710000000034e+03
1.967813499999999976e+03 -1.054871570000000020e+03
1.943007650000000012e+03 -1.017032990000000041e+03
1.930823509999999942e+03 -9.984359940000000506e+02
1.918802509999999984e+03 -9.803129519999999957e+02
1.907032950000000028e+03 -9.625009199999999510e+02
1.883783539999999903e+03 -9.287650499999999738e+02
1.872416390000000092e+03 -9.125373439999999619e+02
1.861212410000000091e+03 -8.967835710000000518e+02
1.839697719999999890e+03 -8.668237639999999828e+02
1.829153170000000046e+03 -8.525657519999999749e+02
1.808512840000000097e+03 -8.253530090000000428e+02
1.798335430000000088e+03 -8.121613469999999779e+02
1.788351010000000088e+03 -7.989032419999999775e+02
1.778230749999999944e+03 -7.860895389999999452e+02
1.757962860000000092e+03 -7.610017749999999523e+02
1.747918689999999970e+03 -7.488245899999999438e+02
1.728356440000000021e+03 -7.249516999999999598e+02
1.718774439999999913e+03 -7.132780119999999897e+02
1.709426240000000007e+03 -7.016563280000000304e+02
1.699942230000000109e+03 -6.904790389999999434e+02
1.680697149999999965e+03 -6.694127200000000357e+02
1.671135790000000043e+03 -6.590573200000000043e+02
1.661526910000000044e+03 -6.489833700000000363e+02
1.652040449999999964e+03 -6.392648410000000467e+02
1.643104559999999992e+03 -6.298867320000000518e+02
1.634654050000000097e+03 -6.208714979999999741e+02
1.626397809999999936e+03 -6.117893500000000131e+02
1.610388390000000072e+03 -5.942469280000000253e+02
1.603079790000000003e+03 -5.860310200000000123e+02
1.592542959999999994e+03 -5.738916920000000346e+02
1.588932790000000068e+03 -5.697022960000000467e+02
1.586294709999999895e+03 -5.662381149999999934e+02
1.583500410000000102e+03 -5.593822089999999889e+02
1.583456860000000006e+03 -5.556866119999999682e+02
1.584254519999999957e+03 -5.477254940000000261e+02
1.584853959999999915e+03 -5.438083269999999629e+02
1.585295800000000099e+03 -5.404755480000000034e+02
1.586612239999999929e+03 -5.384316579999999703e+02
1.589768139999999903e+03 -5.377417470000000321e+02
1.591039269999999988e+03 -5.384964310000000296e+02
1.591882260000000088e+03 -5.392661279999999806e+02
1.592367670000000089e+03 -5.396289510000000291e+02
1.592303750000000036e+03 -5.396509760000000142e+02
0.000000000000000000e+00 0.000000000000000000e+00
0.000000000000000000e+00 0.000000000000000000e+00
0.000000000000000000e+00 0.000000000000000000e+00
0.000000000000000000e+00 0.000000000000000000e+00
0.000000000000000000e+00 0.000000000000000000e+00
0.000000000000000000e+00 0.000000000000000000e+00
0.000000000000000000e+00 0.000000000000000000e+00
0.000000000000000000e+00 0.000000000000000000e+00
0.000000000000000000e+00 0.000000000000000000e+00
0.000000000000000000e+00 0.000000000000000000e+00
0.000000000000000000e+00 0.000000000000000000e+00
0.000000000000000000e+00 0.000000000000000000e+00
0.000000000000000000e+00 0.000000000000000000e+00
0.000000000000000000e+00 0.000000000000000000e+00
0.000000000000000000e+00 0.000000000000000000e+00
0.000000000000000000e+00 0.000000000000000000e+00
0.000000000000000000e+00 0.000000000000000000e+00
0.000000000000000000e+00 0.000000000000000000e+00
0.000000000000000000e+00 0.000000000000000000e+00
0.000000000000000000e+00 0.000000000000000000e+00
0.000000000000000000e+00 0.000000000000000000e+00
0.000000000000000000e+00 0.000000000000000000e+00
0.000000000000000000e+00 0.000000000000000000e+00
0.000000000000000000e+00 0.000000000000000000e+00
0.000000000000000000e+00 0.000000000000000000e+00
0.000000000000000000e+00 0.000000000000000000e+00
0.000000000000000000e+00 0.000000000000000000e+00
0.000000000000000000e+00 0.000000000000000000e+00
0.000000000000000000e+00 0.000000000000000000e+00
0.000000000000000000e+00 0.000000000000000000e+00
0.000000000000000000e+00 0.000000000000000000e+00
0.000000000000000000e+00 0.000000000000000000e+00
0.000000000000000000e+00 0.000000000000000000e+00
0.000000000000000000e+00 0.000000000000000000e+00
0.000000000000000000e+00 0.000000000000000000e+00
0.000000000000000000e+00 0.000000000000000000e+00
0.000000000000000000e+00 0.000000000000000000e+00
0.000000000000000000e+00 0.000000000000000000e+00
0.000000000000000000e+00 0.000000000000000000e+00
0.000000000000000000e+00 0.000000000000000000e+00
0.000000000000000000e+00 0.000000000000000000e+00
0.000000000000000000e+00 0.000000000000000000e+00
0.000000000000000000e+00 0.000000000000000000e+00
0.000000000000000000e+00 0.000000000000000000e+00
0.000000000000000000e+00 0.000000000000000000e+00
0.000000000000000000e+00 0.000000000000000000e+00
0.000000000000000000e+00 0.000000000000000000e+00
0.000000000000000000e+00 0.000000000000000000e+00
0.000000000000000000e+00 0.000000000000000000e+00
0.000000000000000000e+00 0.000000000000000000e+00
0.000000000000000000e+00 0.000000000000000000e+00
0.000000000000000000e+00 0.000000000000000000e+00
0.000000000000000000e+00 0.000000000000000000e+00
0.000000000000000000e+00 0.000000000000000000e+00
0.000000000000000000e+00 0.000000000000000000e+00
0.000000000000000000e+00 0.000000000000000000e+00
0.000000000000000000e+00 0.000000000000000000e+00
0.000000000000000000e+00 0.000000000000000000e+00
0.000000000000000000e+00 0.000000000000000000e+00
0.000000000000000000e+00 0.000000000000000000e+00
0.000000000000000000e+00 0.000000000000000000e+00
0.000000000000000000e+00 0.000000000000000000e+00
0.000000000000000000e+00 0.000000000000000000e+00
0.000000000000000000e+00 0.000000000000000000e+00
0.000000000000000000e+00 0.000000000000000000e+00
0.000000000000000000e+00 0.000000000000000000e+00
0.000000000000000000e+00 0.000000000000000000e+00
0.000000000000000000e+00 0.000000000000000000e+00
0.000000000000000000e+00 0.000000000000000000e+00
0.000000000000000000e+00 0.000000000000000000e+00
0.000000000000000000e+00 0.000000000000000000e+00
0.000000000000000000e+00 0.000000000000000000e+00
0.000000000000000000e+00 0.000000000000000000e+00
0.000000000000000000e+00 0.000000000000000000e+00
0.000000000000000000e+00 0.000000000000000000e+00
0.000000000000000000e+00 0.000000000000000000e+00
0.000000000000000000e+00 0.000000000000000000e+00
0.000000000000000000e+00 0.000000000000000000e+00
0.000000000000000000e+00 0.000000000000000000e+00
0.000000000000000000e+00 0.000000000000000000e+00
0.000000000000000000e+00 0.000000000000000000e+00
0.000000000000000000e+00 0.000000000000000000e+00
0.000000000000000000e+00 0.000000000000000000e+00
0.000000000000000000e+00 0.000000000000000000e+00
0.000000000000000000e+00 0.000000000000000000e+00
0.000000000000000000e+00 0.000000000000000000e+00
0.000000000000000000e+00 0.000000000000000000e+00
0.000000000000000000e+00 0.000000000000000000e+00
0.000000000000000000e+00 0.000000000000000000e+00
0.000000000000000000e+00 0.000000000000000000e+00
0.000000000000000000e+00 0.000000000000000000e+00
0.000000000000000000e+00 0.000000000000000000e+00
0.000000000000000000e+00 0.000000000000000000e+00
0.000000000000000000e+00 0.000000000000000000e+00
0.000000000000000000e+00 0.000000000000000000e+00
0.000000000000000000e+00 0.000000000000000000e+00
0.000000000000000000e+00 0.000000000000000000e+00
0.000000000000000000e+00 0.000000000000000000e+00
0.000000000000000000e+00 0.000000000000000000e+00
0.000000000000000000e+00 0.000000000000000000e+00
0.000000000000000000e+00 0.000000000000000000e+00
0.000000000000000000e+00 0.000000000000000000e+00
0.000000000000000000e+00 0.000000000000000000e+00
0.000000000000000000e+00 0.000000000000000000e+00
0.000000000000000000e+00 0.000000000000000000e+00
0.000000000000000000e+00 0.000000000000000000e+00
0.000000000000000000e+00 0.000000000000000000e+00
0.000000000000000000e+00 0.000000000000000000e+00
0.000000000000000000e+00 0.000000000000000000e+00
0.000000000000000000e+00 0.000000000000000000e+00
0.000000000000000000e+00 0.000000000000000000e+00
0.000000000000000000e+00 0.000000000000000000e+00
0.000000000000000000e+00 0.000000000000000000e+00
0.000000000000000000e+00 0.000000000000000000e+00
0.000000000000000000e+00 0.000000000000000000e+00
0.000000000000000000e+00 0.000000000000000000e+00
0.000000000000000000e+00 0.000000000000000000e+00
0.000000000000000000e+00 0.000000000000000000e+00
0.000000000000000000e+00 0.000000000000000000e+00
0.000000000000000000e+00 0.000000000000000000e+00
0.000000000000000000e+00 0.000000000000000000e+00
0.000000000000000000e+00 0.000000000000000000e+00
0.000000000000000000e+00 0.000000000000000000e+00
0.000000000000000000e+00 0.000000000000000000e+00
0.000000000000000000e+00 0.000000000000000000e+00
0.000000000000000000e+00 0.000000000000000000e+00
0.000000000000000000e+00 0.000000000000000000e+00
0.000000000000000000e+00 0.000000000000000000e+00
0.000000000000000000e+00 0.000000000000000000e+00
0.000000000000000000e+00 0.000000000000000000e+00
0.000000000000000000e+00 0.000000000000000000e+00
0.000000000000000000e+00 0.000000000000000000e+00
0.000000000000000000e+00 0.000000000000000000e+00
0.000000000000000000e+00 0.000000000000000000e+00
0.000000000000000000e+00 0.000000000000000000e+00
0.000000000000000000e+00 0.000000000000000000e+00
0.000000000000000000e+00 0.000000000000000000e+00
0.000000000000000000e+00 0.000000000000000000e+00
0.000000000000000000e+00 0.000000000000000000e+00
0.000000000000000000e+00 0.000000000000000000e+00
0.000000000000000000e+00 0.000000000000000000e+00
0.000000000000000000e+00 0.000000000000000000e+00
0.000000000000000000e+00 0.000000000000000000e+00
0.000000000000000000e+00 0.000000000000000000e+00
0.000000000000000000e+00 0.000000000000000000e+00
0.000000000000000000e+00 0.000000000000000000e+00
0.000000000000000000e+00 0.000000000000000000e+00
0.000000000000000000e+00 0.000000000000000000e+00
0.000000000000000000e+00 0.000000000000000000e+00
0.000000000000000000e+00 0.000000000000000000e+00
0.000000000000000000e+00 0.000000000000000000e+00
0.000000000000000000e+00 0.000000000000000000e+00
0.000000000000000000e+00 0.000000000000000000e+00
0.000000000000000000e+00 0.000000000000000000e+00
0.000000000000000000e+00 0.000000000000000000e+00
0.000000000000000000e+00 0.000000000000000000e+00
0.000000000000000000e+00 0.000000000000000000e+00
0.000000000000000000e+00 0.000000000000000000e+00
0.000000000000000000e+00 0.000000000000000000e+00
0.000000000000000000e+00 0.000000000000000000e+00
0.000000000000000000e+00 0.000000000000000000e+00
0.000000000000000000e+00 0.000000000000000000e+00
0.000000000000000000e+00 0.000000000000000000e+00
0.000000000000000000e+00 0.000000000000000000e+00
0.000000000000000000e+00 0.000000000000000000e+00
0.000000000000000000e+00 0.000000000000000000e+00
0.000000000000000000e+00 0.000000000000000000e+00
0.000000000000000000e+00 0.000000000000000000e+00
0.000000000000000000e+00 0.000000000000000000e+00
0.000000000000000000e+00 0.000000000000000000e+00
0.000000000000000000e+00 0.000000000000000000e+00
0.000000000000000000e+00 0.000000000000000000e+00
0.000000000000000000e+00 0.000000000000000000e+00
0.000000000000000000e+00 0.000000000000000000e+00
0.000000000000000000e+00 0.000000000000000000e+00
0.000000000000000000e+00 0.000000000000000000e+00
0.000000000000000000e+00 0.000000000000000000e+00
0.000000000000000000e+00 0.000000000000000000e+00
0.000000000000000000e+00 0.000000000000000000e+00
0.000000000000000000e+00 0.000000000000000000e+00
0.000000000000000000e+00 0.000000000000000000e+00
0.000000000000000000e+00 0.000000000000000000e+00
0.000000000000000000e+00 0.000000000000000000e+00
0.000000000000000000e+00 0.000000000000000000e+00
0.000000000000000000e+00 0.000000000000000000e+00
0.000000000000000000e+00 0.000000000000000000e+00
0.000000000000000000e+00 0.000000000000000000e+00
0.000000000000000000e+00 0.000000000000000000e+00
0.000000000000000000e+00 0.000000000000000000e+00
0.000000000000000000e+00 0.000000000000000000e+00
0.000000000000000000e+00 0.000000000000000000e+00
0.000000000000000000e+00 0.000000000000000000e+00
0.000000000000000000e+00 0.000000000000000000e+00
0.000000000000000000e+00 0.000000000000000000e+00
0.000000000000000000e+00 0.000000000000000000e+00
0.000000000000000000e+00 0.000000000000000000e+00
0.000000000000000000e+00 0.000000000000000000e+00
0.000000000000000000e+00 0.000000000000000000e+00
0.000000000000000000e+00 0.000000000000000000e+00
0.000000000000000000e+00 0.000000000000000000e+00
0.000000000000000000e+00 0.000000000000000000e+00
0.000000000000000000e+00 0.000000000000000000e+00
0.000000000000000000e+00 0.000000000000000000e+00
0.000000000000000000e+00 0.000000000000000000e+00
0.000000000000000000e+00 0.000000000000000000e+00
0.000000000000000000e+00 0.000000000000000000e+00
0.000000000000000000e+00 0.000000000000000000e+00
0.000000000000000000e+00 0.000000000000000000e+00
0.000000000000000000e+00 0.000000000000000000e+00
0.000000000000000000e+00 0.000000000000000000e+00
0.000000000000000000e+00 0.000000000000000000e+00
0.000000000000000000e+00 0.000000000000000000e+00
0.000000000000000000e+00 0.000000000000000000e+00
0.000000000000000000e+00 0.000000000000000000e+00
0.000000000000000000e+00 0.000000000000000000e+00
0.000000000000000000e+00 0.000000000000000000e+00
0.000000000000000000e+00 0.000000000000000000e+00
0.000000000000000000e+00 0.000000000000000000e+00
0.000000000000000000e+00 0.000000000000000000e+00
0.000000000000000000e+00 0.000000000000000000e+00
0.000000000000000000e+00 0.000000000000000000e+00
0.000000000000000000e+00 0.000000000000000000e+00
0.000000000000000000e+00 0.000000000000000000e+00
0.000000000000000000e+00 0.000000000000000000e+00
0.000000000000000000e+00 0.000000000000000000e+00
0.000000000000000000e+00 0.000000000000000000e+00
0.000000000000000000e+00 0.000000000000000000e+00
0.000000000000000000e+00 0.000000000000000000e+00
0.000000000000000000e+00 0.000000000000000000e+00
0.000000000000000000e+00 0.000000000000000000e+00
0.000000000000000000e+00 0.000000000000000000e+00
0.000000000000000000e+00 0.000000000000000000e+00
0.000000000000000000e+00 0.000000000000000000e+00
0.000000000000000000e+00 0.000000000000000000e+00
0.000000000000000000e+00 0.000000000000000000e+00
0.000000000000000000e+00 0.000000000000000000e+00
0.000000000000000000e+00 0.000000000000000000e+00
0.000000000000000000e+00 0.000000000000000000e+00
0.000000000000000000e+00 0.000000000000000000e+00
0.000000000000000000e+00 0.000000000000000000e+00
0.000000000000000000e+00 0.000000000000000000e+00
0.000000000000000000e+00 0.000000000000000000e+00
0.000000000000000000e+00 0.000000000000000000e+00
0.000000000000000000e+00 0.000000000000000000e+00
0.000000000000000000e+00 0.000000000000000000e+00
0.000000000000000000e+00 0.000000000000000000e+00
0.000000000000000000e+00 0.000000000000000000e+00
0.000000000000000000e+00 0.000000000000000000e+00
0.000000000000000000e+00 0.000000000000000000e+00
0.000000000000000000e+00 0.000000000000000000e+00
0.000000000000000000e+00 0.000000000000000000e+00
0.000000000000000000e+00 0.000000000000000000e+00
0.000000000000000000e+00 0.000000000000000000e+00
0.000000000000000000e+00 0.000000000000000000e+00
0.000000000000000000e+00 0.000000000000000000e+00
0.000000000000000000e+00 0.000000000000000000e+00
0.000000000000000000e+00 0.000000000000000000e+00
0.000000000000000000e+00 0.000000000000000000e+00
0.000000000000000000e+00 0.000000000000000000e+00
0.000000000000000000e+00 0.000000000000000000e+00
0.000000000000000000e+00 0.000000000000000000e+00
0.000000000000000000e+00 0.000000000000000000e+00
0.000000000000000000e+00 0.000000000000000000e+00
0.000000000000000000e+00 0.000000000000000000e+00
0.000000000000000000e+00 0.000000000000000000e+00
0.000000000000000000e+00 0.000000000000000000e+00
0.000000000000000000e+00 0.000000000000000000e+00
0.000000000000000000e+00 0.000000000000000000e+00
0.000000000000000000e+00 0.000000000000000000e+00
0.000000000000000000e+00 0.000000000000000000e+00
0.000000000000000000e+00 0.000000000000000000e+00
0.000000000000000000e+00 0.000000000000000000e+00
0.000000000000000000e+00 0.000000000000000000e+00
0.000000000000000000e+00 0.000000000000000000e+00
0.000000000000000000e+00 0.000000000000000000e+00
0.000000000000000000e+00 0.000000000000000000e+00
0.000000000000000000e+00 0.000000000000000000e+00
0.000000000000000000e+00 0.000000000000000000e+00
0.000000000000000000e+00 0.000000000000000000e+00
0.000000000000000000e+00 0.000000000000000000e+00
0.000000000000000000e+00 0.000000000000000000e+00
0.000000000000000000e+00 0.000000000000000000e+00
0.000000000000000000e+00 0.000000000000000000e+00
0.000000000000000000e+00 0.000000000000000000e+00
0.000000000000000000e+00 0.000000000000000000e+00
0.000000000000000000e+00 0.000000000000000000e+00
0.000000000000000000e+00 0.000000000000000000e+00
0.000000000000000000e+00 0.000000000000000000e+00
0.000000000000000000e+00 0.000000000000000000e+00
0.000000000000000000e+00 0.000000000000000000e+00
0.000000000000000000e+00 0.000000000000000000e+00
0.000000000000000000e+00 0.000000000000000000e+00
0.000000000000000000e+00 0.000000000000000000e+00
0.000000000000000000e+00 0.000000000000000000e+00
0.000000000000000000e+00 0.000000000000000000e+00
0.000000000000000000e+00 0.000000000000000000e+00
0.000000000000000000e+00 0.000000000000000000e+00
0.000000000000000000e+00 0.000000000000000000e+00
0.000000000000000000e+00 0.000000000000000000e+00
0.000000000000000000e+00 0.000000000000000000e+00
0.000000000000000000e+00 0.000000000000000000e+00
0.000000000000000000e+00 0.000000000000000000e+00
0.000000000000000000e+00 0.000000000000000000e+00
0.000000000000000000e+00 0.000000000000000000e+00
0.000000000000000000e+00 0.000000000000000000e+00
0.000000000000000000e+00 0.000000000000000000e+00
0.000000000000000000e+00 0.000000000000000000e+00
0.000000000000000000e+00 0.000000000000000000e+00
0.000000000000000000e+00 0.000000000000000000e+00
0.000000000000000000e+00 0.000000000000000000e+00
0.000000000000000000e+00 0.000000000000000000e+00
0.000000000000000000e+00 0.000000000000000000e+00
0.000000000000000000e+00 0.000000000000000000e+00
0.000000000000000000e+00 0.000000000000000000e+00
0.000000000000000000e+00 0.000000000000000000e+00
0.000000000000000000e+00 0.000000000000000000e+00
0.000000000000000000e+00 0.000000000000000000e+00
0.000000000000000000e+00 0.000000000000000000e+00
0.000000000000000000e+00 0.000000000000000000e+00
0.000000000000000000e+00 0.000000000000000000e+00
0.000000000000000000e+00 0.000000000000000000e+00
0.000000000000000000e+00 0.000000000000000000e+00
0.000000000000000000e+00 0.000000000000000000e+00
0.000000000000000000e+00 0.000000000000000000e+00
0.000000000000000000e+00 0.000000000000000000e+00
0.000000000000000000e+00 0.000000000000000000e+00
0.000000000000000000e+00 0.000000000000000000e+00
0.000000000000000000e+00 0.000000000000000000e+00
0.000000000000000000e+00 0.000000000000000000e+00
0.000000000000000000e+00 0.000000000000000000e+00
0.000000000000000000e+00 0.000000000000000000e+00
0.000000000000000000e+00 0.000000000000000000e+00
0.000000000000000000e+00 0.000000000000000000e+00
0.000000000000000000e+00 0.000000000000000000e+00
0.000000000000000000e+00 0.000000000000000000e+00
0.000000000000000000e+00 0.000000000000000000e+00
0.000000000000000000e+00 0.000000000000000000e+00
0.000000000000000000e+00 0.000000000000000000e+00
0.000000000000000000e+00 0.000000000000000000e+00
0.000000000000000000e+00 0.000000000000000000e+00
0.000000000000000000e+00 0.000000000000000000e+00
0.000000000000000000e+00 0.000000000000000000e+00
0.000000000000000000e+00 0.000000000000000000e+00
0.000000000000000000e+00 0.000000000000000000e+00
0.000000000000000000e+00 0.000000000000000000e+00
0.000000000000000000e+00 0.000000000000000000e+00
0.000000000000000000e+00 0.000000000000000000e+00
0.000000000000000000e+00 0.000000000000000000e+00
0.000000000000000000e+00 0.000000000000000000e+00
0.000000000000000000e+00 0.000000000000000000e+00
0.000000000000000000e+00 0.000000000000000000e+00
0.000000000000000000e+00 0.000000000000000000e+00
0.000000000000000000e+00 0.000000000000000000e+00
0.000000000000000000e+00 0.000000000000000000e+00
0.000000000000000000e+00 0.000000000000000000e+00
0.000000000000000000e+00 0.000000000000000000e+00
0.000000000000000000e+00 0.000000000000000000e+00
0.000000000000000000e+00 0.000000000000000000e+00
0.000000000000000000e+00 0.000000000000000000e+00
0.000000000000000000e+00 0.000000000000000000e+00
0.000000000000000000e+00 0.000000000000000000e+00
0.000000000000000000e+00 0.000000000000000000e+00
0.000000000000000000e+00 0.000000000000000000e+00
0.000000000000000000e+00 0.000000000000000000e+00
0.000000000000000000e+00 0.000000000000000000e+00
0.000000000000000000e+00 0.000000000000000000e+00
0.000000000000000000e+00 0.000000000000000000e+00
0.000000000000000000e+00 0.000000000000000000e+00
0.000000000000000000e+00 0.000000000000000000e+00
0.000000000000000000e+00 0.000000000000000000e+00
0.000000000000000000e+00 0.000000000000000000e+00
0.000000000000000000e+00 0.000000000000000000e+00
0.000000000000000000e+00 0.000000000000000000e+00
0.000000000000000000e+00 0.000000000000000000e+00
0.000000000000000000e+00 0.000000000000000000e+00
0.000000000000000000e+00 0.000000000000000000e+00
0.000000000000000000e+00 0.000000000000000000e+00
0.000000000000000000e+00 0.000000000000000000e+00
0.000000000000000000e+00 0.000000000000000000e+00
0.000000000000000000e+00 0.000000000000000000e+00
0.000000000000000000e+00 0.000000000000000000e+00
0.000000000000000000e+00 0.000000000000000000e+00
0.000000000000000000e+00 0.000000000000000000e+00
0.000000000000000000e+00 0.000000000000000000e+00
0.000000000000000000e+00 0.000000000000000000e+00
0.000000000000000000e+00 0.000000000000000000e+00
0.000000000000000000e+00 0.000000000000000000e+00
0.000000000000000000e+00 0.000000000000000000e+00
0.000000000000000000e+00 0.000000000000000000e+00
0.000000000000000000e+00 0.000000000000000000e+00
0.000000000000000000e+00 0.000000000000000000e+00
0.000000000000000000e+00 0.000000000000000000e+00
0.000000000000000000e+00 0.000000000000000000e+00
0.000000000000000000e+00 0.000000000000000000e+00
0.000000000000000000e+00 0.000000000000000000e+00
0.000000000000000000e+00 0.000000000000000000e+00
